timestep,total_drag,ram_drag,skin_friction
0.000000000000000000e+00,0.000000000000000000e+00,0.000000000000000000e+00,0.000000000000000000e+00
1.000000000000000000e+02,6.902329999999999927e+03,6.708810000000000400e+03,1.935229999999999961e+02
2.000000000000000000e+02,6.506760000000000218e+03,6.209460000000000036e+03,2.973009999999999877e+02
3.000000000000000000e+02,6.100029999999999745e+03,5.783899999999999636e+03,3.161340000000000146e+02
4.000000000000000000e+02,5.882760000000000218e+03,5.588520000000000437e+03,2.942459999999999809e+02
5.000000000000000000e+02,6.214939999999999600e+03,5.893310000000000400e+03,3.216250000000000000e+02
6.000000000000000000e+02,6.199409999999999854e+03,5.873539999999999964e+03,3.258700000000000045e+02
7.000000000000000000e+02,6.160680000000000291e+03,5.820399999999999636e+03,3.402780000000000200e+02
8.000000000000000000e+02,6.063130000000000109e+03,5.704090000000000146e+03,3.590380000000000109e+02
9.000000000000000000e+02,6.058390000000000327e+03,5.713739999999999782e+03,3.446499999999999773e+02
1.000000000000000000e+03,6.000319999999999709e+03,5.650260000000000218e+03,3.500509999999999877e+02
1.100000000000000000e+03,6.018989999999999782e+03,5.657520000000000437e+03,3.614669999999999845e+02
1.200000000000000000e+03,5.963220000000000255e+03,5.600760000000000218e+03,3.624580000000000268e+02
1.300000000000000000e+03,5.930430000000000291e+03,5.568510000000000218e+03,3.619180000000000064e+02
1.400000000000000000e+03,5.925029999999999745e+03,5.552149999999999636e+03,3.728829999999999814e+02
1.500000000000000000e+03,5.926720000000000255e+03,5.552390000000000327e+03,3.743310000000000173e+02
1.600000000000000000e+03,5.945210000000000036e+03,5.573300000000000182e+03,3.719049999999999727e+02
1.700000000000000000e+03,5.915449999999999818e+03,5.538310000000000400e+03,3.771460000000000150e+02
1.800000000000000000e+03,5.907119999999999891e+03,5.528210000000000036e+03,3.789180000000000064e+02
1.900000000000000000e+03,5.941289999999999964e+03,5.566420000000000073e+03,3.748679999999999950e+02
2.000000000000000000e+03,5.945529999999999745e+03,5.571000000000000000e+03,3.745280000000000200e+02
2.100000000000000000e+03,5.905739999999999782e+03,5.535260000000000218e+03,3.704809999999999945e+02
2.200000000000000000e+03,5.905930000000000291e+03,5.535880000000000109e+03,3.700539999999999736e+02
2.300000000000000000e+03,5.894590000000000146e+03,5.528789999999999964e+03,3.658029999999999973e+02
2.400000000000000000e+03,5.894119999999999891e+03,5.522979999999999563e+03,3.711429999999999723e+02
2.500000000000000000e+03,5.885439999999999600e+03,5.513210000000000036e+03,3.722280000000000086e+02
2.600000000000000000e+03,5.873789999999999964e+03,5.494210000000000036e+03,3.795830000000000268e+02
2.700000000000000000e+03,5.867060000000000400e+03,5.486380000000000109e+03,3.806850000000000023e+02
2.800000000000000000e+03,5.825189999999999600e+03,5.443170000000000073e+03,3.820160000000000196e+02
2.900000000000000000e+03,5.823159999999999854e+03,5.440850000000000364e+03,3.823129999999999882e+02
3.000000000000000000e+03,5.817010000000000218e+03,5.429449999999999818e+03,3.875559999999999832e+02
3.100000000000000000e+03,5.798779999999999745e+03,5.416699999999999818e+03,3.820790000000000077e+02
3.200000000000000000e+03,5.815409999999999854e+03,5.430409999999999854e+03,3.850020000000000095e+02
3.300000000000000000e+03,5.808520000000000437e+03,5.423539999999999964e+03,3.849789999999999850e+02
3.400000000000000000e+03,5.795189999999999600e+03,5.411810000000000400e+03,3.833809999999999718e+02
3.500000000000000000e+03,5.773710000000000036e+03,5.392970000000000255e+03,3.807429999999999950e+02
3.600000000000000000e+03,5.760220000000000255e+03,5.380350000000000364e+03,3.798720000000000141e+02
3.700000000000000000e+03,5.740149999999999636e+03,5.362489999999999782e+03,3.776600000000000250e+02
3.800000000000000000e+03,5.727989999999999782e+03,5.349800000000000182e+03,3.781979999999999791e+02
3.900000000000000000e+03,5.703260000000000218e+03,5.325250000000000000e+03,3.780160000000000196e+02
4.000000000000000000e+03,5.719119999999999891e+03,5.339960000000000036e+03,3.791580000000000155e+02
4.100000000000000000e+03,5.702420000000000073e+03,5.324800000000000182e+03,3.776209999999999809e+02
4.200000000000000000e+03,5.683699999999999818e+03,5.306840000000000146e+03,3.768570000000000277e+02
4.300000000000000000e+03,5.664279999999999745e+03,5.284140000000000327e+03,3.801480000000000246e+02
4.400000000000000000e+03,5.655399999999999636e+03,5.274960000000000036e+03,3.804390000000000214e+02
4.500000000000000000e+03,5.650819999999999709e+03,5.269560000000000400e+03,3.812579999999999814e+02
4.600000000000000000e+03,5.622789999999999964e+03,5.242250000000000000e+03,3.805369999999999777e+02
4.700000000000000000e+03,5.597479999999999563e+03,5.211829999999999927e+03,3.856499999999999773e+02
4.800000000000000000e+03,5.593600000000000364e+03,5.207770000000000437e+03,3.858330000000000268e+02
4.900000000000000000e+03,5.577590000000000146e+03,5.190520000000000437e+03,3.870690000000000168e+02
5.000000000000000000e+03,5.567609999999999673e+03,5.179670000000000073e+03,3.879350000000000023e+02
5.100000000000000000e+03,5.560279999999999745e+03,5.171960000000000036e+03,3.883190000000000168e+02
5.200000000000000000e+03,5.557909999999999854e+03,5.167859999999999673e+03,3.900520000000000209e+02
5.300000000000000000e+03,5.560300000000000182e+03,5.169710000000000036e+03,3.905899999999999750e+02
5.400000000000000000e+03,5.551020000000000437e+03,5.158869999999999891e+03,3.921560000000000059e+02
5.500000000000000000e+03,5.543939999999999600e+03,5.149399999999999636e+03,3.945439999999999827e+02
5.600000000000000000e+03,5.548750000000000000e+03,5.151380000000000109e+03,3.973700000000000045e+02
5.700000000000000000e+03,5.535479999999999563e+03,5.138439999999999600e+03,3.970369999999999777e+02
5.800000000000000000e+03,5.528539999999999964e+03,5.132039999999999964e+03,3.965020000000000095e+02
5.900000000000000000e+03,5.524310000000000400e+03,5.125739999999999782e+03,3.985760000000000218e+02
6.000000000000000000e+03,5.512930000000000291e+03,5.113119999999999891e+03,3.998050000000000068e+02
6.100000000000000000e+03,5.513649999999999636e+03,5.113729999999999563e+03,3.999259999999999877e+02
6.200000000000000000e+03,5.503130000000000109e+03,5.104039999999999964e+03,3.990899999999999750e+02
6.300000000000000000e+03,5.497550000000000182e+03,5.099710000000000036e+03,3.978419999999999845e+02
6.400000000000000000e+03,5.494819999999999709e+03,5.094460000000000036e+03,4.003639999999999759e+02
6.500000000000000000e+03,5.502479999999999563e+03,5.103539999999999964e+03,3.989490000000000123e+02
6.600000000000000000e+03,5.499710000000000036e+03,5.098529999999999745e+03,4.011770000000000209e+02
6.700000000000000000e+03,5.503380000000000109e+03,5.102609999999999673e+03,4.007640000000000100e+02
6.800000000000000000e+03,5.511279999999999745e+03,5.108680000000000291e+03,4.026019999999999754e+02
6.900000000000000000e+03,5.512529999999999745e+03,5.108369999999999891e+03,4.041610000000000014e+02
7.000000000000000000e+03,5.509399999999999636e+03,5.103729999999999563e+03,4.056639999999999873e+02
7.100000000000000000e+03,5.514109999999999673e+03,5.107699999999999818e+03,4.064110000000000014e+02
7.200000000000000000e+03,5.513390000000000327e+03,5.104930000000000291e+03,4.084599999999999795e+02
7.300000000000000000e+03,5.512869999999999891e+03,5.103739999999999782e+03,4.091299999999999955e+02
7.400000000000000000e+03,5.506720000000000255e+03,5.095979999999999563e+03,4.107400000000000091e+02
7.500000000000000000e+03,5.497649999999999636e+03,5.088050000000000182e+03,4.096030000000000086e+02
7.600000000000000000e+03,5.494050000000000182e+03,5.082289999999999964e+03,4.117599999999999909e+02
7.700000000000000000e+03,5.498989999999999782e+03,5.087600000000000364e+03,4.113940000000000055e+02
7.800000000000000000e+03,5.497189999999999600e+03,5.083859999999999673e+03,4.133349999999999795e+02
7.900000000000000000e+03,5.483590000000000146e+03,5.070359999999999673e+03,4.132230000000000132e+02
8.000000000000000000e+03,5.489130000000000109e+03,5.076600000000000364e+03,4.125269999999999868e+02
