Altitude [km],He [1/m^3],O [1/m^3],N2 [1/m^3],O2 [1/m^3],Ar [1/m^3],Mass Density [kg/m^3],H [1/m^3],N [1/m^3],Anomalous O [1/m^3],Exospheric Temp [K],Temp at Altitude [K]
70,8.84895723949622e+15,0,1.31027914378836e+21,3.35707491499647e+20,1.56440558632696e+19,7.97733806181416e-05,0,0,0,1027.3184649,223.286318720944
70.8,7.90770167779397e+15,0,1.17011549759621e+21,2.98290916915417e+20,1.39678263959729e+19,7.11596980146507e-05,0,0,0,1027.3184649,221.761485814961
71.6,7.06285273801277e+15,0,1.04439678496388e+21,2.6489871962606e+20,1.24646524602738e+19,6.34426823723617e-05,0,0,0,1027.3184649,220.183847396443
72.4,6.30487355861451e+15,0,9.31684509182801e+20,2.35112149761478e+20,1.11172675137295e+19,5.65320818094184e-05,0,0,0,1027.3184649,218.548128979884
73.2,5.6156787336685e+15,11243573571437.9,8.29023637019469e+20,2.08416087826882e+20,9.8894367985124e+18,5.02607774256979e-05,2.77566689128683e-14,65048394386.2397,2.75808256015303e-56,1027.3184649,216.890487257866
74,5.00673524129162e+15,24101203131848.5,7.38280661403485e+20,1.84904810858087e+20,8.80401391213428e+18,4.47220491050615e-05,1.65301991195996e-05,70147938688.3104,1.40151664392437e-55,1027.3184649,215.271340823984
74.8,4.4600948382967e+15,50942315096706.3,6.56821908428425e+20,1.6385018303553e+20,7.82964999554862e+18,3.97527237561205e-05,20.9760784368038,75643734848.012,6.99370988789051e-55,1027.3184649,213.686837072621
75.6,3.9700006603499e+15,105767029468409,5.83789464506877e+20,1.45021969291369e+20,6.95608302973091e+18,3.53000144040835e-05,336529.094710407,81564276160.401,3.42775541613181e-54,1027.3184649,212.132543782647
76.4,3.53113429032939e+15,214939297392592,5.18390755872782e+20,1.28207654796873e+20,6.17383260766351e+18,3.13151645984892e-05,252578978.640925,87939509389.6864,1.65036080751208e-53,1027.3184649,210.604269227647
77.2,3.13859763181862e+15,426183753410284,4.59895847484531e+20,1.13211697329298e+20,5.4741676307441e+18,2.77532812458642e-05,22639696679.3453,94800816147.8632,7.8070749822139e-53,1027.3184649,209.098047819537
78,2.78789265023246e+15,822227629554147,4.0763442423199e+20,9.98546959327753e+19,4.84907020575516e+18,2.45731481010402e-05,468902451384.523,102180980470.905,3.62920244777808e-52,1027.3184649,207.610127723568
78.8,2.47489969863663e+15,1.53988463416911e+15,3.60992561304775e+20,8.79725045746624e+19,4.29119702063609e+18,2.17370265157493e-05,3553083248273.83,110114142404.748,1.6581353406443e-51,1027.3184649,206.13696022056
79.6,2.19585502521174e+15,2.79425276156453e+15,3.19409372682052e+20,7.74153146694758e+19,3.79383926322029e+18,1.92104489056314e-05,13530993983576.7,118635738126.527,7.44709263316443e-51,1027.3184649,204.675190615276
80.4,1.94732795272603e+15,4.90567004063257e+15,2.82373610822193e+20,6.80467260582554e+19,3.35088195711871e+18,1.69620093624809e-05,32213597511410.9,127782428084.547,3.28838855435063e-50,1027.3184649,203.221650509349
81.2,1.72619812672174e+15,8.32430277415169e+15,2.49420276675537e+20,5.97428222679891e+19,2.95676342199202e+18,1.49631549210312e-05,55675602373551.3,137592015889.399,1.42784221074762e-49,1027.3184649,201.773351273671
82,1.52963314760886e+15,1.36444003937452e+16,2.20127286998771e+20,5.23912626017604e+19,2.60643542015968e+18,1.31879801649267e-05,77373038586230.4,148103362277.099,6.09745614399551e-49,1027.3184649,200.327478569202
82.8,1.35506683159155e+15,2.15985066405154e+16,1.94112235480467e+20,4.58904007890426e+19,2.29532442623272e+18,1.16130271485247e-05,92706733445671.3,159356300442.076,2.56128991290428e-48,1027.3184649,198.881387777187
83.6,1.20017828535883e+15,3.30226062846382e+16,1.71029275249568e+20,4.01484375178152e+19,2.01929434949701e+18,1.02170920796707e-05,100438529436878,171391561449.199,1.05847384236215e-47,1027.3184649,197.43260021007
84.4,1.06287192875686e+15,4.87872138449872e+16,1.50566142783801e+20,3.50826121357309e+19,1.77461094833653e+18,8.98103985908254e-06,101638919551029,184250721318.198,4.30409809034182e-47,1027.3184649,195.978799983458
85.2,941258557240959,6.96966080876272e+16,1.32441336916247e+20,3.06184371066152e+19,1.55790810031233e+18,7.8876273763526e-06,98224532707873.6,197976184754.485,1.72239869423435e-46,1027.3184649,194.517831437386
86,833637500829005,9.63672455986131e+16,1.16401461413275e+20,2.66889774026421e+19,1.36615602889663e+18,6.92133637355584e-06,92037679357887.2,212611224377.806,6.78427006071124e-46,1027.3184649,193.047697002305
86.8,738479907642219,1.29104255779471e+17,1.02218735330881e+20,2.32341758651313e+19,1.19663153668593e+18,6.0682166322704e-06,84491481224423.4,228200098638.196,2.63062206387953e-45,1027.3184649,191.566555411725
87.6,654413157083543,1.67799078581541e+17,8.96886719230712e+19,2.0200224644076e+19,1.04689025367485e+18,5.3157401384924e-06,76536959192477.8,244788276319.322,1.00430869898148e-44,1027.3184649,190.07272016956
88.4,580206389495700,2.11869953451837e+17,7.86279241590258e+19,1.75389820969869e+19,9.1474087647324e+17,4.65266667686485e-06,68753460716801.8,262422800451.582,3.77569182505997e-44,1027.3184649,188.56465818605
89.2,514757125058198,2.6026003272804e+17,6.8872292799306e+19,1.52074339630457e+19,7.98221348930921e+17,4.06892099201081e-06,61459338389295,281152829332.321,1.39801905557117e-43,1027.3184649,187.040988501841
90,457078934094044,3.11497116005822e+17,6.02748913894689e+19,1.31671972034225e+19,6.95576915360672e+17,3.55548127078452e-06,54804257919011.7,301030396792.291,5.09897805097224e-43,1027.3184649,185.500481025445
90.8,406269575203750,3.63787724851206e+17,5.27016298692097e+19,1.13834533574443e+19,6.05207067236088e+17,3.10411153608331e-06,48833151443570.9,322094111030.627,1.83214435633636e-42,1027.3184649,183.952304789958
91.6,361464412461099,4.15094498835341e+17,4.60249561107312e+19,9.82356521550274e+18,5.25593406274026e+17,2.70699453671865e-06,43525966491682.6,344315515660.697,6.4855485305909e-42,1027.3184649,182.445376157951
92.4,321919869090474,4.633443086413e+17,4.01355946769588e+19,8.45957407099519e+18,4.55436759335392e+17,2.35742465145292e-06,38835629441276.4,367648378301.309,2.26173909985945e-41,1027.3184649,181.035316500212
93.2,287008325262791,5.06623755369084e+17,3.49415556398413e+19,7.26784641539191e+18,3.93644184942254e+17,2.04974738100504e-06,34705017868524,392049177693.19,7.77057010109001e-41,1027.3184649,179.774352376691
94,256192272981116,5.43333656136287e+17,3.03642821372322e+19,6.22812668583517e+18,3.39282744741195e+17,1.7791310018507e-06,31074598134396.6,417481300138.561,2.63021179585668e-40,1027.3184649,178.712112182585
94.8,229004724365891,5.72299075804566e+17,2.63357280746889e+19,5.32282345652876e+18,2.9154437744733e+17,1.54139341023782e-06,27886475228651.8,443918990382.486,8.77153050889938e-40,1027.3184649,177.896676350908
95.6,205034535152103,5.92825277348726e+17,2.27961656749081e+19,4.53647688100535e+18,2.49719484130048e+17,1.33287165962827e-06,25086397029499.8,471350511267.238,2.8822522889344e-39,1027.3184649,177.375865702897
96.4,183915561203743,6.04699420832141e+17,1.96925609678939e+19,3.85536546779178e+18,2.13177296599076e+17,1.15032430691938e-06,22624624487442.3,499779876304.358,9.33234243231131e-39,1027.3184649,177.198780100634
97.2,165318763720229,6.08145740513509e+17,1.69773852251617e+19,3.26721837791298e+18,1.81351462349647e+17,9.908587374414e-07,20456191601376.2,529226444000.582,2.97773133422813e-38,1027.3184649,177.41763265663
98,148946537278395,6.03747076622199e+17,1.46077545827014e+19,2.76100603951102e+18,1.53729573317723e+17,8.51877272636913e-07,18540847997469.2,559721602197.754,9.36383059500774e-38,1027.3184649,178.089966174112
98.8,134528666090526,5.92347681562071e+17,1.25448104603381e+19,2.32678740099203e+18,1.29845612612035e+17,7.31037175008254e-07,16842842860391.3,591301718402.437,2.90224063215438e-37,1027.3184649,179.28139349518
99.6,121819425418183,5.7495151407706e+17,1.07532709184787e+19,1.95559683437229e+18,1.09274505506495e+17,6.26220724343781e-07,15330633352683.3,623996472168.897,8.86673781463902e-37,1027.3184649,181.069081031933
100.4,110596836341053,5.52636224171758e+17,9.20124208580192e+18,1.63938327439907e+18,9.16296480449026e+16,5.35520771280463e-07,13976719097489.6,657821893498.585,2.67044063651576e-36,1027.3184649,183.543391043689
101.2,100687495940044,5.26649831902636e+17,7.86249735198186e+18,1.37137878039857e+18,7.65857783969881e+16,4.57370338808208e-07,12760399637076.4,692994309705.44,7.92952578870743e-36,1027.3184649,186.747035380896
102,91950784911814.2,4.98292394060307e+17,6.71410819262156e+18,1.14561658880262e+18,6.38519203634154e+16,3.90401962371524e-07,11665982981031.9,729955363290.106,2.32182008043004e-35,1027.3184649,190.668126664962
102.8,84248788583711.4,4.68669140648926e+17,5.73337050940553e+18,9.56387468004299e+17,5.31401446580577e+16,3.33267316572954e-07,10679067968561.1,769159057970.805,6.70486181495254e-35,1027.3184649,195.298116844036
103.6,77451581222169.2,4.38676369149664e+17,4.89866987777223e+18,7.98407612072814e+17,4.41765094598272e+16,2.84686702238583e-07,9786777713703.28,811063845978.514,1.90977236101383e-34,1027.3184649,200.631563601866
104.4,71441139889038.6,4.09014437195151e+17,4.19008616872046e+18,6.6692153769156e+17,3.67086413177552e+16,2.43483463608878e-07,8977902836437.46,856139637115.608,5.36585867082243e-34,1027.3184649,206.662835480649
105.2,66113163902416.7,3.80210945419658e+17,3.58968997211095e+18,5.57738447155025e+17,3.0509577680627e+16,2.0860056858893e-07,8242875391321.74,904880261367.608,1.48723301968838e-33,1027.3184649,213.382339878022
106,61377480814880.6,3.52648213231654e+17,3.08162894543854e+18,4.67225001088253e+17,2.53790165889173e+16,1.79105051065236e-07,7573644670350.49,957822085475.615,4.06624234421658e-33,1027.3184649,220.772031209343
106.8,57157555399238.2,3.26591012363027e+17,2.65207840940893e+18,3.92271496850927e+17,2.11428450057561e+16,1.54184623266218e-07,6963503695756.62,1015569775983.54,1.09658828698098e-32,1027.3184649,228.79998207269
107.6,53389476962560.9,3.02212114545664e+17,2.28911039446658e+18,3.30243565245931e+17,1.76515897064324e+16,1.3313959885311e-07,6406898225166.04,1078830546591.26,2.91643403494611e-32,1027.3184649,237.413857855228
108.4,50020685429042.6,2.79614417204016e+17,1.98251923298006e+18,2.78927676136121e+17,1.47782547024866e+16,1.15372335758711e-07,5899237705598.7,1148458598990.22,7.64696720809589e-32,1027.3184649,246.533253660841
109.2,47008606970115,2.58849235537895e+17,1.72362942416656e+18,2.36475866222784e+17,1.24158712700925e+16,1.00375692840235e-07,5436718938388.59,1225511822529.97,1.97585970467143e-31,1027.3184649,256.041067701304
110,44319302410769.1,2.39930851852447e+17,1.50510233723489e+18,2.0135300947477e+17,1.04749829789991e+16,8.77214638751389e-08,5016167400094.29,1311323100280.05,5.02759504784122e-31,1027.3184649,265.774435501946
110.8,41922188785658.3,2.22816473992857e+17,1.32056807520916e+18,1.72264578360297e+17,8.87983298967e+15,7.70386437623206e-08,4634473442431.2,1407391390153.58,1.25882403525195e-30,1027.3184649,275.555493329542
111.6,39777914322776,2.07333748853002e+17,1.1640627432086e+18,1.48067138605823e+17,7.56349284935428e+15,6.79802694468048e-08,4287364446828.52,1514742627488.27,3.10055406022739e-30,1027.3184649,285.325072941448
112.4,37850657268008.7,1.93299147214894e+17,1.03062992143033e+18,1.27833456199633e+17,6.4718019039431e+15,6.02582408392451e-08,3970829900688.1,1634313588667.07,7.50999511608634e-30,1027.3184649,295.062203101702
113.2,36110697842678.3,1.80549867274428e+17,9.16283449057051e+17,1.10828265932498e+17,5.56194212015905e+15,5.36410565839434e-08,3681443797274.92,1767109276587.68,1.78782003875277e-29,1027.3184649,304.751539609925
114,34533091429505,1.6894124430845e+17,8.17800121733463e+17,9.64655161703493e+16,4.79991680784592e+15,4.79416712585472e-08,3416252852258.86,1914192195073.48,4.17964905813116e-29,1027.3184649,314.384689167083
114.8,33096656890144.3,1.58344520017421e+17,7.32560207618821e+17,8.42757693250618e+16,4.1586191764219e+15,4.30081633718756e-08,3172691256761.24,2076667777663.53,9.58545687732812e-29,1027.3184649,323.961502838435
115.6,31783201310125,1.48644921611986e+17,6.58424000589549e+17,7.38812038848607e+16,3.61634620759029e+15,3.87165199606127e-08,2948514981160.83,2255665091596.68,2.15342784676261e-28,1027.3184649,333.49132463843
116.4,30576922853464.1,1.39740004696298e+17,5.93635698676589e+17,6.49763393090215e+16,3.15565031099447e+15,3.4965024697768e-08,2741750548852.59,2452311857833.6,4.7307463372351e-28,1027.3184649,342.994196416697
117.2,29463948186799.1,1.31538219087949e+17,5.36748124251494e+17,5.73130936112421e+16,2.76244831969207e+15,3.16698678873564e-08,2550654567672.52,2667702741319.66,1.01413607010222e-27,1027.3184649,352.502039917702
118,28431971731839.4,1.23957662035738e+17,4.86563431100594e+17,5.06891390091195e+16,2.42532735665761e+15,2.87616927729356e-08,2373681296684.02,2902859770500.26,2.11638685030094e-27,1027.3184649,362.059860326713
118.8,27469971958512.9,1.16924988367741e+17,4.42086141479524e+17,4.4938781357905e+16,2.13500191705706e+15,2.61828632161589e-08,2209456246629.41,3158683637721.57,4.28934223000431e-27,1027.3184649,371.727042833436
119.6,26567985829337.3,1.10374451683702e+17,4.02485742895586e+17,3.99257808152129e+16,1.88388755368552e+15,2.38852900528012e-08,2056754339559.94,3435894506785.52,8.42925735127738e-27,1027.3184649,381.57884544974
120.4,25716926900727,1.04247054706545e+17,3.67066734539845e+17,3.5537673165215e+16,1.66576482225986e+15,2.18286923160751e-08,1914481540220.63,3734960802161.95,1.60811379024856e-26,1027.3184649,391.708229324063
121.2,24908435866638.8,9.84897903205596e+16,3.35244507638181e+17,3.16812569314777e+16,1.47551336123284e+15,1.99791986126626e-08,1781659156287.61,4056014264629.1,3.00462231818452e-26,1027.3184649,402.22821558702
122,24134754766335.3,9.30549576843152e+16,3.06525816156346e+17,2.82789904968343e+16,1.30890067397401e+15,1.83082158239928e-08,1657410213302.63,4398749315100.65,5.64239010617387e-26,1027.3184649,413.275021303252
122.8,23388617861267.1,8.78995401679653e+16,2.80492875875969e+17,2.52661029116625e+16,1.16241373602522e+15,1.67915088506667e-08,1540947462312.3,4762304452331.62,1.12470400082773e-25,1027.3184649,425.012316111467
123.6,22627586678661.4,8.27813696764739e+16,2.56191692146588e+17,2.25358963556928e+16,1.03035110455374e+15,1.53722570677812e-08,1429567207311.95,5132968450350.56,2.55106003102619e-25,1444.12921005407,438.769826750307
124.4,21933642790737.3,7.81784135830736e+16,2.34863890340927e+17,2.01787925597826e+16,917486102734939,1.41259873812992e-08,1327715880309.41,5538386088399.77,6.05948492493153e-25,1444.12921005407,452.041964068857
125.2,21291037221616.5,7.3977840671184e+16,2.15938125648485e+17,1.81237708169854e+16,819967924387607,1.30191184467648e-08,1234159682241.57,5977677571444.81,1.42626580574082e-24,1444.12921005407,465.135677625112
126,20694258590218.2,7.01326462858623e+16,1.99075628383958e+17,1.63247138188946e+16,735326345092929,1.20320420360301e-08,1148120036859.27,6452679047345.58,3.32702702671881e-24,1444.12921005407,478.053408839485
126.8,20138541522427.9,6.66026589219804e+16,1.83994492860374e+17,1.47436729599308e+16,661547374820961,1.11484386696003e-08,1068908240273.22,6965269335271.75,7.69208756502612e-24,1444.12921005407,490.797565145713
127.6,19619745490902.5,6.33533506011178e+16,1.70458696856012e+17,1.33492291874059e+16,596978530660063,1.03546422824285e-08,995912186852.922,7517358014391.49,1.76280652003107e-23,1444.12921005407,503.370520471979
128.4,19134256816864.7,6.03548870603875e+16,1.58269502574332e+17,1.21152195263831e+16,540255877066274,9.63914282106549e-09,928585518305.396,8110873096414.45,4.00477108354544e-23,1444.12921005407,515.774615715118
129.2,18678908714275.1,5.75813633268454e+16,1.47258669175811e+17,1.1019739853355e+16,490247373408952,8.99219372376797e-09,866438682967.847,8747748220164.42,9.01992707637998e-23,1444.12921005407,528.012159208004
130,18250915532068.1,5.50101838727287e+16,1.37283055423283e+17,1.00443581987691e+16,446008545660509,8.405499854849e-09,809031513225.612,9429909347312.46,2.01428020454723e-22,1444.12921005407,540.085427180206
130.8,17847818277306.8,5.26215564659837e+16,1.28220297796095e+17,9.17348981675544e+15,406747549394722,7.87196766328849e-09,755967018691.946,10159260972249.2,4.46033118773866e-22,1444.12921005407,551.996664212023
131.6,17467439182983.5,5.03980761277202e+16,1.19965327067724e+17,8.39389751679687e+15,371797445601468,7.38550383926213e-09,706886160055.874,10937671887546.1,9.7945192151811e-22,1444.12921005407,563.748083681998
132.4,17107843589115.9,4.83243810281908e+16,1.12427543319957e+17,7.6942896960582e+15,340594057673704,6.94085204597888e-09,661463419408.124,11766960570658.6,2.13307417583203e-21,1444.12921005407,575.341868207989
133.2,16767307783855.9,4.63868662151575e+16,1.05528511562447e+17,7.06499509743399e+15,312658177831870,6.53345974979121e-09,619403021708.568,12648880278148.8,4.60758378887543e-21,1444.12921005407,586.78017008191
134,16444291737102.6,4.4573444139304e+16,9.92000716423557e+16,6.49769821036421e+15,287581186123056,6.15936899740594e-09,580435691953.099,13585103951170.5,9.87238783232688e-21,1444.12921005407,598.065111698227
134.8,16137415877162.7,4.28733432815631e+16,9.33827798583425e+16,5.9852228945881e+15,265013364259237,5.81512636326549e-09,544315855771.384,14577209050493.6,2.09840688232774e-20,1444.12921005407,609.198785976287
135.6,15845441228906.9,4.1276937984424e+16,8.80246176966489e+16,5.52135457113536e+15,244654350613693,5.49770833243101e-09,510819209275.139,15626662451075,4.4249888638222e-20,1444.12921005407,620.183256776604
136.4,15567252362343.5,3.97756039795908e+16,8.30799168652177e+16,5.10069342590468e+15,226245306398868,5.20445918052791e-09,479740598186.48,16734805535152.5,9.2581822421377e-20,1444.12921005407,631.020559311148
137.2,15301842702799.1,3.83615951874335e+16,7.85084603879046e+16,4.71853267933646e+15,209562456971731,4.93303902478682e-09,450892157505.795,17902839629076.8,1.92205597466413e-19,1444.12921005407,641.712700547757
138,15048301834740.5,3.70279382130004e+16,7.42747277194474e+16,4.37075721472667e+15,194411744001697,4.68138019442747e-09,424101671902.622,19131811932604.8,3.95975599396795e-19,1444.12921005407,652.261659608743
138.8,14805804495694,3.57683416336632e+16,7.0347258230832e+16,4.05375881839306e+15,180624379464187,4.44765043809352e-09,399211124141.342,20422602090184.3,8.09595083395981e-19,1444.12921005407,662.669388163781
139.6,14573601008449.9,3.45771177056705e+16,6.6698112422886e+16,3.76436503419676e+15,168053135178653,4.2302217756046e-09,376075404574.806,21775909551900.8,1.64285385905013e-18,1444.12921005407,672.937810817158
140.4,14351008941578.3,3.34491145419255e+16,6.33024141738928e+16,3.49977922268536e+15,156569234912641,4.02764402951522e-09,354561159351.697,23192241867311.8,3.30899310918928e-18,1444.12921005407,683.068825489474
141.2,14137405822344.1,3.23796571546399e+16,6.01379604559552e+16,3.25752987867997e+15,146059742166609,3.83862225282608e-09,334545758718.148,24671904048456.9,6.61595469434919e-18,1444.12921005407,693.064303793872
142,13932222754015.6,3.13644960320935e+16,5.71848874473885e+16,3.03542762860969e+15,136425357314925,3.6619974132521e-09,315916369830.123,26214989129069.2,1.31317445492016e-17,1444.12921005407,702.926091406867
142.8,13734938812550.9,3.03997621423515e+16,5.44253839638106e+16,2.83152862164301e+15,127578554068091,3.49672980976865e-09,298569120970.642,27821370035583.2,2.5877286613888e-17,1444.12921005407,712.656008433876
143.6,13545076116687.7,2.94819274391359e+16,5.18434447354858e+16,2.64410326295959e+15,119441998194145,3.34188478990295e-09,282408346095.384,29490692872174.6,5.06307393374124e-17,1444.12921005407,722.255849769495
144.4,13362195481306.2,2.8607770094413e+16,4.94246573551284e+16,2.47160942584504e+15,111947201819657,3.19662041116636e-09,267345900298.678,31222371707025.7,9.83652042054464e-17,1444.12921005407,731.727385452629
145.2,13185892577180.6,2.77743438051585e+16,4.71560177725157e+16,2.31266943132592e+15,105033374978918,3.06017675082156e-09,253300538168.744,33015584930549.1,1.89772183438161e-16,1444.12921005407,741.072361016528
146,13015794531344.2,2.69789506232891e+16,4.50257700695428e+16,2.16605020727554e+15,98646442821913.9,2.93186661771411e-09,240197348141.367,34869273238753.8,3.63596115585307e-16,1444.12921005407,750.292497833821
146.8,12851556911654.9,2.62191168419608e+16,4.30232669506683e+16,2.03064613915651e+15,92738202359243.8,2.81106746041849e-09,227967236909.28,36782139276580,6.91883545457775e-16,1444.12921005407,759.389493456598
147.6,12692861047057.3,2.54925715415302e+16,4.11388479596096e+16,1.9054642064012e+15,87265597073419.4,2.69721429922164e-09,216546458735.92,38752648957223.5,1.30769056439365e-15,1444.12921005407,768.365021951644
148.4,12539411641736.4,2.47972274570194e+16,3.93637329078359e+16,1.78961106547279e+15,82190091363364.5,2.58979353688758e-09,205876185185.383,40779034454512.9,2.45508202206328e-15,1444.12921005407,777.220734230859
149.2,12390934647063.9,2.41311638779895e+16,3.76899283930524e+16,1.68228179575397e+15,77477129771482.3,2.48833752582451e-09,195902111338.7,42859298846632.5,4.57874581953031e-15,1444.12921005407,785.958258376966
150,12247175360086.9,2.34926113329465e+16,3.61101456117619e+16,1.58275006984411e+15,73095668396377.4,2.39241978809469e-09,186574095038.505,44991222371205.2,8.48353279598445e-15,1444.12921005407,794.579199964553
