# IRI ion data (2011-04-10T00:00:00 UTC, lat=40.793 lon=-77.860)
# Altitude_km ne Ti Te nO+ nO2+ nNO+ nN+
7.000000e+01 3.525340e+07 2.232864e+02 2.232864e+02 0.000000e+00 0.000000e+00 0.000000e+00 0.000000e+00
7.100000e+01 5.289967e+07 2.213723e+02 2.213723e+02 0.000000e+00 0.000000e+00 0.000000e+00 0.000000e+00
7.200000e+01 7.541533e+07 2.193736e+02 2.193736e+02 0.000000e+00 0.000000e+00 0.000000e+00 0.000000e+00
7.300000e+01 1.025504e+08 2.172931e+02 2.172931e+02 0.000000e+00 0.000000e+00 0.000000e+00 0.000000e+00
7.400000e+01 1.335370e+08 2.152028e+02 2.152028e+02 0.000000e+00 0.000000e+00 0.000000e+00 0.000000e+00
7.500000e+01 1.671744e+08 2.131194e+02 2.131194e+02 0.000000e+00 0.000000e+00 0.000000e+00 0.000000e+00
7.600000e+01 2.020028e+08 2.110469e+02 2.110469e+02 0.000000e+00 0.000000e+00 0.000000e+00 0.000000e+00
7.700000e+01 2.365272e+08 2.089891e+02 2.089891e+02 0.000000e+00 0.000000e+00 0.000000e+00 0.000000e+00
7.800000e+01 2.694368e+08 2.069496e+02 2.069496e+02 0.000000e+00 0.000000e+00 0.000000e+00 0.000000e+00
7.900000e+01 2.997790e+08 2.049315e+02 2.049315e+02 0.000000e+00 0.000000e+00 0.000000e+00 0.000000e+00
8.000000e+01 3.270620e+08 2.029380e+02 2.029380e+02 6.583946e+00 7.344558e+05 3.263276e+08 3.196671e-01
8.100000e+01 3.512854e+08 2.009716e+02 2.009716e+02 8.917308e+00 8.539959e+05 3.504314e+08 4.353374e-01
8.200000e+01 3.729128e+08 1.990350e+02 1.990350e+02 1.181158e+01 9.700626e+05 3.719427e+08 5.798256e-01
8.300000e+01 3.928149e+08 1.971302e+02 1.971302e+02 1.132982e+01 1.142586e+06 3.916723e+08 5.592728e-01
8.400000e+01 4.130081e+08 1.952595e+02 1.952595e+02 2.513138e-01 1.447872e+06 4.115603e+08 1.247496e-02
8.500000e+01 4.474263e+08 1.934247e+02 1.934247e+02 3.705021e-03 1.715913e+06 4.457103e+08 1.849439e-04
8.600000e+01 5.251750e+08 1.916274e+02 1.916274e+02 1.280498e-04 2.381264e+06 5.227938e+08 6.427646e-06
8.700000e+01 7.025981e+08 1.898692e+02 1.898692e+02 1.041872e-05 4.288711e+06 6.983094e+08 5.258935e-07
8.800000e+01 1.125755e+09 1.881515e+02 1.881515e+02 2.006753e-06 1.105414e+07 1.114701e+09 1.018504e-07
8.900000e+01 1.863409e+09 1.864755e+02 1.864755e+02 6.306101e-07 3.031887e+07 1.833090e+09 3.218084e-08
9.000000e+01 2.826355e+09 1.848423e+02 1.848423e+02 2.395500e-07 6.967496e+07 2.756679e+09 1.232301e-08
9.100000e+01 3.975232e+09 1.832653e+02 1.832653e+02 1.073820e-07 1.374255e+08 3.837807e+09 6.043494e-09
9.200000e+01 5.240679e+09 1.818060e+02 1.818060e+02 5.581960e-08 2.390243e+08 5.001655e+09 7.938657e-09
9.300000e+01 6.538938e+09 1.805339e+02 1.805339e+02 3.313600e-08 3.878778e+08 6.151060e+09 3.867289e-08
9.400000e+01 7.789049e+09 1.795154e+02 1.795154e+02 2.219890e-08 5.725840e+08 7.216465e+09 2.011865e-07
9.500000e+01 8.926173e+09 1.788150e+02 1.788150e+02 1.658418e-08 7.811483e+08 8.145026e+09 8.373797e-07
9.600000e+01 9.908377e+09 1.784980e+02 1.784980e+02 1.366029e-08 9.986207e+08 8.909755e+09 2.810886e-06
9.700000e+01 1.071718e+10 1.786329e+02 1.786329e+02 1.227434e-08 1.210743e+09 9.506440e+09 7.850324e-06
9.800000e+01 1.135378e+10 1.792945e+02 1.792945e+02 1.191239e-08 1.406478e+09 9.947304e+09 1.878912e-05
9.900000e+01 1.183324e+10 1.805685e+02 1.805685e+02 1.237379e-08 1.578983e+09 1.025426e+10 3.954449e-05
1.000000e+02 1.217859e+10 1.825562e+02 1.825562e+02 1.364269e-08 1.725326e+09 1.045326e+10 7.480905e-05
1.010000e+02 1.241586e+10 1.853531e+02 1.853531e+02 1.584190e-08 1.845697e+09 1.057017e+10 1.295869e-04
1.020000e+02 1.257057e+10 1.889607e+02 1.889607e+02 1.921804e-08 1.942968e+09 1.062760e+10 2.088420e-04
1.030000e+02 1.266546e+10 1.933628e+02 1.933628e+02 2.421872e-08 2.021152e+09 1.064431e+10 3.173587e-04
1.040000e+02 1.271947e+10 1.985498e+02 1.985498e+02 6.086120e-08 2.084396e+09 1.063508e+10 4.597923e-04
1.050000e+02 1.274738e+10 2.045141e+02 2.045141e+02 6.375262e-06 2.136467e+09 1.061091e+10 6.408527e-04
1.060000e+02 1.276001e+10 2.112454e+02 2.112454e+02 5.588919e-04 2.180502e+09 1.057950e+10 8.655239e-04
1.070000e+02 1.276470e+10 2.187259e+02 2.187259e+02 2.388011e-02 2.218956e+09 1.054575e+10 1.139748e-03
1.080000e+02 1.276597e+10 2.269230e+02 2.269230e+02 5.642880e-01 2.253667e+09 1.051231e+10 1.492793e-03
1.090000e+02 1.276616e+10 2.357820e+02 2.357820e+02 8.212781e+00 2.286012e+09 1.048015e+10 2.503415e-03
1.100000e+02 1.276616e+10 2.452164e+02 2.452164e+02 8.035045e+01 2.317101e+09 1.044906e+10 1.256755e-02
1.110000e+02 1.269748e+10 2.551252e+02 2.551252e+02 5.613972e+02 2.324927e+09 1.037255e+10 1.103950e-01
1.120000e+02 1.251417e+10 2.654831e+02 2.654831e+02 2.943858e+03 2.293871e+09 1.022030e+10 7.976925e-01
1.130000e+02 1.224734e+10 2.762823e+02 2.762823e+02 1.216171e+04 2.234104e+09 1.001322e+10 4.385053e+00
1.140000e+02 1.192419e+10 2.875060e+02 2.875060e+02 4.107169e+04 2.154691e+09 9.769453e+09 1.890266e+01
1.150000e+02 1.156827e+10 2.991270e+02 2.991270e+02 1.164627e+05 2.063169e+09 9.504986e+09 6.597654e+01
1.160000e+02 1.119973e+10 3.111058e+02 3.111058e+02 2.824454e+05 1.965447e+09 9.233996e+09 1.910161e+02
1.170000e+02 1.083545e+10 3.233879e+02 3.233879e+02 5.936422e+05 1.866156e+09 8.968698e+09 4.671538e+02
1.180000e+02 1.048937e+10 3.359018e+02 3.359018e+02 1.094760e+06 1.769365e+09 8.718902e+09 9.811497e+02
1.190000e+02 1.017263e+10 3.485567e+02 3.485567e+02 1.798745e+06 1.679123e+09 8.491691e+09 1.803658e+03
1.200000e+02 9.893838e+09 3.612412e+02 3.612412e+02 2.683915e+06 1.599330e+09 8.291794e+09 2.971351e+03
1.210000e+02 9.659259e+09 3.738212e+02 3.748468e+02 3.698845e+06 1.530087e+09 8.125427e+09 4.503518e+03
1.220000e+02 9.473068e+09 3.861401e+02 3.884524e+02 4.763343e+06 1.475962e+09 7.992276e+09 6.493747e+03
1.230000e+02 9.337549e+09 3.980194e+02 4.020580e+02 5.672025e+06 1.437917e+09 7.893862e+09 9.145430e+03
1.240000e+02 9.253324e+09 4.093172e+02 4.156635e+02 6.081318e+06 1.417648e+09 7.829447e+09 1.265063e+04
1.250000e+02 9.219578e+09 4.203782e+02 4.292691e+02 5.807064e+06 1.416418e+09 7.797135e+09 1.700504e+04
1.260000e+02 9.234271e+09 4.312336e+02 4.428747e+02 5.109076e+06 1.432489e+09 7.796374e+09 2.207581e+04
1.270000e+02 9.294372e+09 4.418875e+02 4.564803e+02 4.405014e+06 1.462130e+09 7.827449e+09 2.794292e+04
1.280000e+02 9.396069e+09 4.523433e+02 4.700858e+02 3.911024e+06 1.502147e+09 7.889524e+09 3.496482e+04
1.290000e+02 9.534994e+09 4.626051e+02 4.836913e+02 3.664393e+06 1.550332e+09 7.980395e+09 4.363075e+04
1.300000e+02 9.706451e+09 4.726764e+02 4.972969e+02 3.640000e+06 1.605067e+09 8.097005e+09 5.445228e+04
1.310000e+02 9.905629e+09 4.825608e+02 5.109025e+02 3.811916e+06 1.665063e+09 8.235853e+09 6.791741e+04
1.320000e+02 1.012783e+10 4.922618e+02 5.245081e+02 4.168666e+06 1.728661e+09 8.393904e+09 8.460662e+04
1.330000e+02 1.036867e+10 5.017830e+02 5.381136e+02 4.708836e+06 1.794428e+09 8.568212e+09 1.050972e+05
1.340000e+02 1.062435e+10 5.111277e+02 5.517192e+02 5.441534e+06 1.860952e+09 8.756364e+09 1.300177e+05
1.350000e+02 1.089182e+10 5.202991e+02 5.653246e+02 6.384362e+06 1.927299e+09 8.956230e+09 1.599657e+05
1.360000e+02 1.116903e+10 5.293006e+02 5.789302e+02 7.563142e+06 1.992494e+09 9.166701e+09 1.956643e+05
1.370000e+02 1.145515e+10 5.381354e+02 5.925357e+02 9.007742e+06 2.056187e+09 9.387273e+09 2.378594e+05
1.380000e+02 1.175080e+10 5.468066e+02 6.061412e+02 1.075586e+07 2.118437e+09 9.618446e+09 2.874316e+05
1.390000e+02 1.205823e+10 5.553173e+02 6.197466e+02 1.285416e+07 2.180062e+09 9.861623e+09 3.453914e+05
1.400000e+02 1.238160e+10 5.636704e+02 6.333521e+02 1.536220e+07 2.242420e+09 1.011952e+10 4.130594e+05
1.410000e+02 1.272719e+10 5.718691e+02 6.469576e+02 1.835871e+07 2.307518e+09 1.039632e+10 4.922117e+05
1.420000e+02 1.302544e+10 5.799161e+02 6.605630e+02 2.169769e+07 2.353436e+09 1.064459e+10 5.785647e+05
1.430000e+02 1.332336e+10 5.878143e+02 6.741683e+02 2.553874e+07 2.395480e+09 1.089584e+10 6.759761e+05
1.440000e+02 1.362993e+10 5.955666e+02 6.877737e+02 2.997074e+07 2.436699e+09 1.115589e+10 7.863653e+05
1.450000e+02 1.394548e+10 6.031757e+02 7.013789e+02 3.506616e+07 2.477361e+09 1.142473e+10 9.111633e+05
1.460000e+02 1.427036e+10 6.106442e+02 7.149841e+02 4.090655e+07 2.517693e+09 1.170241e+10 1.051986e+06
1.470000e+02 1.460494e+10 6.179747e+02 7.285892e+02 4.757985e+07 2.558138e+09 1.198875e+10 1.210489e+06
1.480000e+02 1.494968e+10 6.251699e+02 7.421942e+02 5.518578e+07 2.599023e+09 1.228377e+10 1.388571e+06
1.490000e+02 1.530491e+10 6.322324e+02 7.557989e+02 6.383462e+07 2.640604e+09 1.258745e+10 1.588312e+06
1.500000e+02 1.567115e+10 6.391645e+02 7.694036e+02 7.365256e+07 2.683033e+09 1.290000e+10 1.812058e+06
1.510000e+02 1.604883e+10 6.459688e+02 7.830081e+02 8.477252e+07 2.726791e+09 1.322125e+10 2.062159e+06
1.520000e+02 1.643845e+10 6.526476e+02 7.966124e+02 9.734648e+07 2.772125e+09 1.355128e+10 2.341277e+06
1.530000e+02 1.684057e+10 6.592033e+02 8.102163e+02 1.115438e+08 2.819289e+09 1.389022e+10 2.652363e+06
1.540000e+02 1.725573e+10 6.656382e+02 8.238199e+02 1.275539e+08 2.868408e+09 1.423828e+10 2.998596e+06
1.550000e+02 1.768453e+10 6.719547e+02 8.374230e+02 1.455807e+08 2.919933e+09 1.459540e+10 3.383290e+06
1.560000e+02 1.812762e+10 6.781547e+02 8.510256e+02 1.658542e+08 2.974146e+09 1.496171e+10 3.810128e+06
1.570000e+02 1.858567e+10 6.842405e+02 8.646275e+02 1.886304e+08 3.031283e+09 1.533737e+10 4.283090e+06
1.580000e+02 1.905941e+10 6.902144e+02 8.782286e+02 2.141937e+08 3.091618e+09 1.572253e+10 4.806596e+06
1.590000e+02 1.954965e+10 6.960784e+02 8.918288e+02 2.428526e+08 3.155667e+09 1.611718e+10 5.385226e+06
1.600000e+02 2.005719e+10 7.018345e+02 9.054277e+02 2.749506e+08 3.223850e+09 1.652132e+10 6.024022e+06
1.610000e+02 2.058296e+10 7.074847e+02 9.190251e+02 3.109267e+08 3.296692e+09 1.693491e+10 6.728194e+06
1.620000e+02 2.112792e+10 7.130312e+02 9.326208e+02 3.510924e+08 3.374502e+09 1.735826e+10 7.504231e+06
1.630000e+02 2.169311e+10 7.184756e+02 9.462142e+02 3.959603e+08 3.458087e+09 1.779109e+10 8.358266e+06
1.640000e+02 2.227968e+10 7.238201e+02 9.598051e+02 4.460417e+08 3.548111e+09 1.823334e+10 9.297313e+06
1.650000e+02 2.288883e+10 7.290664e+02 9.733926e+02 5.019035e+08 3.645229e+09 1.868496e+10 1.032890e+07
1.660000e+02 2.352192e+10 7.342163e+02 9.869760e+02 5.641761e+08 3.750182e+09 1.914592e+10 1.146159e+07
1.670000e+02 2.418038e+10 7.392717e+02 1.000555e+03 6.335517e+08 3.863883e+09 1.961602e+10 1.270456e+07
1.680000e+02 2.486582e+10 7.442344e+02 1.014127e+03 7.108090e+08 3.987103e+09 2.009529e+10 1.406778e+07
1.690000e+02 2.557996e+10 7.491061e+02 1.027693e+03 7.968169e+08 4.120691e+09 2.058369e+10 1.556273e+07
1.700000e+02 2.632467e+10 7.538883e+02 1.041250e+03 8.925494e+08 4.265465e+09 2.108128e+10 1.720214e+07
1.710000e+02 2.710210e+10 7.585830e+02 1.054795e+03 9.991025e+08 4.422400e+09 2.158807e+10 1.900041e+07
1.720000e+02 2.791453e+10 7.631915e+02 1.068328e+03 1.117719e+09 4.592231e+09 2.210434e+10 2.097336e+07
1.730000e+02 2.876459e+10 7.677157e+02 1.081845e+03 1.250172e+09 4.754223e+09 2.265159e+10 2.314604e+07
1.740000e+02 2.965511e+10 7.721570e+02 1.095342e+03 1.397893e+09 4.926117e+09 2.321342e+10 2.553673e+07
1.750000e+02 3.058939e+10 7.765169e+02 1.108815e+03 1.562614e+09 5.114006e+09 2.378526e+10 2.816736e+07
1.760000e+02 3.157104e+10 7.807971e+02 1.122260e+03 1.746467e+09 5.318595e+09 2.436780e+10 3.106621e+07
1.770000e+02 3.260414e+10 7.849988e+02 1.135669e+03 1.951905e+09 5.540640e+09 2.496182e+10 3.426622e+07
1.780000e+02 3.369347e+10 7.891238e+02 1.149036e+03 2.181789e+09 5.781034e+09 2.556824e+10 3.780623e+07
1.790000e+02 3.484440e+10 7.931733e+02 1.162352e+03 2.439465e+09 6.040518e+09 2.618821e+10 4.173120e+07
1.800000e+02 3.606319e+10 7.971488e+02 1.175606e+03 2.728857e+09 6.320011e+09 2.682301e+10 4.609460e+07
1.810000e+02 3.735719e+10 8.010516e+02 1.188785e+03 3.054607e+09 6.620604e+09 2.747407e+10 5.096005e+07
1.820000e+02 3.873503e+10 8.048831e+02 1.201873e+03 3.421577e+09 6.946740e+09 2.814056e+10 5.639325e+07
1.830000e+02 4.020704e+10 8.086445e+02 1.214854e+03 3.838487e+09 7.289836e+09 2.883229e+10 6.251873e+07
1.840000e+02 4.178568e+10 8.123374e+02 1.227706e+03 4.312209e+09 7.657858e+09 2.954666e+10 6.942806e+07
1.850000e+02 4.348631e+10 8.159628e+02 1.240405e+03 4.852680e+09 8.053007e+09 3.028652e+10 7.725926e+07
1.860000e+02 4.532818e+10 8.195220e+02 1.252922e+03 5.472358e+09 8.477706e+09 3.105579e+10 8.618384e+07
1.870000e+02 4.733583e+10 8.230162e+02 1.265227e+03 6.186962e+09 8.935490e+09 3.185915e+10 9.641995e+07
1.880000e+02 4.954157e+10 8.264468e+02 1.277285e+03 7.016977e+09 9.430855e+09 3.270317e+10 1.082501e+08
1.890000e+02 5.198942e+10 8.298148e+02 1.289057e+03 7.989737e+09 9.970452e+09 3.359683e+10 1.220541e+08
1.900000e+02 5.466028e+10 8.331215e+02 1.300503e+03 9.118894e+09 1.054418e+10 3.451732e+10 1.379888e+08
1.910000e+02 5.743403e+10 8.363678e+02 1.311580e+03 1.038520e+10 1.111817e+10 3.539916e+10 1.557176e+08
1.920000e+02 6.030889e+10 8.395549e+02 1.322246e+03 1.180029e+10 1.168691e+10 3.623429e+10 1.753733e+08
1.930000e+02 6.328611e+10 8.426841e+02 1.332461e+03 1.337710e+10 1.224518e+10 3.701612e+10 1.970994e+08
1.940000e+02 6.636694e+10 8.457563e+02 1.342189e+03 1.512879e+10 1.278781e+10 3.773774e+10 2.210402e+08
1.950000e+02 6.955241e+10 8.487726e+02 1.351401e+03 1.706844e+10 1.330952e+10 3.839233e+10 2.473298e+08
1.960000e+02 7.284344e+10 8.517340e+02 1.360074e+03 1.920894e+10 1.380488e+10 3.897327e+10 2.760901e+08
1.970000e+02 7.624084e+10 8.546415e+02 1.368197e+03 2.156272e+10 1.426837e+10 3.947449e+10 3.074210e+08
1.980000e+02 7.974519e+10 8.574962e+02 1.375770e+03 2.414132e+10 1.469492e+10 3.989017e+10 3.414070e+08
1.990000e+02 8.335699e+10 8.602989e+02 1.382801e+03 2.695502e+10 1.508004e+10 4.021518e+10 3.781062e+08
2.000000e+02 8.707651e+10 8.630507e+02 1.389311e+03 3.001267e+10 1.541915e+10 4.044573e+10 4.175244e+08
2.010000e+02 9.090394e+10 8.657526e+02 1.395329e+03 3.332143e+10 1.570874e+10 4.057861e+10 4.596526e+08
2.020000e+02 9.483916e+10 8.684053e+02 1.400890e+03 3.688654e+10 1.594582e+10 4.061189e+10 5.044354e+08
2.030000e+02 9.888190e+10 8.710099e+02 1.406034e+03 4.071067e+10 1.612859e+10 4.054478e+10 5.517843e+08
2.040000e+02 1.030318e+11 8.735672e+02 1.410801e+03 4.479447e+10 1.625568e+10 4.037822e+10 6.015415e+08
2.050000e+02 1.072882e+11 8.760781e+02 1.415236e+03 4.913619e+10 1.632687e+10 4.011395e+10 6.535396e+08
2.060000e+02 1.116502e+11 8.785435e+02 1.419378e+03 5.373220e+10 1.634264e+10 3.975496e+10 7.075691e+08
2.070000e+02 1.161168e+11 8.809641e+02 1.423266e+03 5.857584e+10 1.630483e+10 3.930556e+10 7.633997e+08
2.080000e+02 1.206867e+11 8.833408e+02 1.426937e+03 6.365893e+10 1.621554e+10 3.877125e+10 8.207335e+08
2.090000e+02 1.253584e+11 8.856744e+02 1.430422e+03 6.897159e+10 1.607773e+10 3.815805e+10 8.792984e+08
2.100000e+02 1.301303e+11 8.879659e+02 1.433749e+03 7.450273e+10 1.589473e+10 3.747263e+10 9.388051e+08
2.110000e+02 1.350004e+11 8.902157e+02 1.436943e+03 8.023917e+10 1.567073e+10 3.672268e+10 9.989341e+08
2.120000e+02 1.399666e+11 8.924249e+02 1.440027e+03 8.616733e+10 1.540997e+10 3.591589e+10 1.059382e+09
2.130000e+02 1.450264e+11 8.945940e+02 1.443017e+03 9.227320e+10 1.511675e+10 3.506012e+10 1.119862e+09
2.140000e+02 1.501774e+11 8.967239e+02 1.445931e+03 9.854260e+10 1.479538e+10 3.416309e+10 1.180101e+09
2.150000e+02 1.554166e+11 8.988152e+02 1.448780e+03 1.049604e+11 1.445051e+10 3.323280e+10 1.239822e+09
2.160000e+02 1.607410e+11 9.008688e+02 1.451576e+03 1.115122e+11 1.408641e+10 3.227671e+10 1.298786e+09
2.170000e+02 1.661473e+11 9.028851e+02 1.454329e+03 1.181840e+11 1.370706e+10 3.130182e+10 1.356794e+09
2.180000e+02 1.716320e+11 9.048651e+02 1.457045e+03 1.249648e+11 1.331591e+10 3.031281e+10 1.413201e+09
2.190000e+02 1.771915e+11 9.068093e+02 1.459732e+03 1.318362e+11 1.291698e+10 2.931974e+10 1.468681e+09
2.200000e+02 1.828216e+11 9.087183e+02 1.462394e+03 1.387879e+11 1.251332e+10 2.832623e+10 1.522694e+09
2.210000e+02 1.885184e+11 9.105929e+02 1.465036e+03 1.458085e+11 1.210764e+10 2.733713e+10 1.575146e+09
2.220000e+02 1.942775e+11 9.124336e+02 1.467661e+03 1.528867e+11 1.170234e+10 2.635691e+10 1.625906e+09
2.230000e+02 2.000941e+11 9.142411e+02 1.470273e+03 1.600117e+11 1.129975e+10 2.538938e+10 1.674950e+09
2.240000e+02 2.059637e+11 9.160160e+02 1.472873e+03 1.671736e+11 1.090174e+10 2.443788e+10 1.722221e+09
2.250000e+02 2.118813e+11 9.177588e+02 1.475465e+03 1.743631e+11 1.050980e+10 2.350510e+10 1.767710e+09
2.260000e+02 2.178417e+11 9.194703e+02 1.478049e+03 1.815716e+11 1.012513e+10 2.259330e+10 1.811364e+09
2.270000e+02 2.238396e+11 9.211509e+02 1.480627e+03 1.887904e+11 9.748931e+09 2.170442e+10 1.853239e+09
2.280000e+02 2.298696e+11 9.228011e+02 1.483199e+03 1.960117e+11 9.382044e+09 2.083990e+10 1.893355e+09
2.290000e+02 2.359260e+11 9.244217e+02 1.485768e+03 2.032281e+11 9.025066e+09 2.000084e+10 1.931715e+09
2.300000e+02 2.420031e+11 9.260131e+02 1.488333e+03 2.104324e+11 8.678399e+09 1.918796e+10 1.968359e+09
2.310000e+02 2.480951e+11 9.275758e+02 1.490896e+03 2.176178e+11 8.342490e+09 1.840182e+10 2.003372e+09
2.320000e+02 2.541958e+11 9.291104e+02 1.493456e+03 2.247774e+11 8.017536e+09 1.764269e+10 2.036809e+09
2.330000e+02 2.602992e+11 9.306174e+02 1.496015e+03 2.319048e+11 7.703607e+09 1.691065e+10 2.068707e+09
2.340000e+02 2.663991e+11 9.320972e+02 1.498572e+03 2.389940e+11 7.400649e+09 1.620549e+10 2.099128e+09
2.350000e+02 2.724892e+11 9.335505e+02 1.501127e+03 2.460386e+11 7.108688e+09 1.552702e+10 2.128190e+09
2.360000e+02 2.785631e+11 9.349776e+02 1.503682e+03 2.530326e+11 6.827598e+09 1.487488e+10 2.155924e+09
2.370000e+02 2.846145e+11 9.363791e+02 1.506236e+03 2.599702e+11 6.557159e+09 1.424851e+10 2.182420e+09
2.380000e+02 2.906368e+11 9.377554e+02 1.508789e+03 2.668455e+11 6.297135e+09 1.364736e+10 2.207737e+09
2.390000e+02 2.966236e+11 9.391069e+02 1.511341e+03 2.736528e+11 6.047327e+09 1.307080e+10 2.231994e+09
2.400000e+02 3.025685e+11 9.404342e+02 1.513894e+03 2.803864e+11 5.807453e+09 1.251817e+10 2.255230e+09
2.410000e+02 3.084650e+11 9.417377e+02 1.516445e+03 2.870406e+11 5.577210e+09 1.198870e+10 2.277532e+09
2.420000e+02 3.143066e+11 9.430178e+02 1.518997e+03 2.936101e+11 5.356274e+09 1.148167e+10 2.298968e+09
2.430000e+02 3.200871e+11 9.442748e+02 1.521548e+03 3.000892e+11 5.144370e+09 1.099631e+10 2.319650e+09
2.440000e+02 3.257999e+11 9.455094e+02 1.524099e+03 3.064726e+11 4.941186e+09 1.053188e+10 2.339609e+09
2.450000e+02 3.314388e+11 9.467219e+02 1.526649e+03 3.127548e+11 4.746382e+09 1.008755e+10 2.358933e+09
2.460000e+02 3.369978e+11 9.479125e+02 1.529200e+03 3.189308e+11 4.559637e+09 9.662589e+09 2.377699e+09
2.470000e+02 3.424706e+11 9.490818e+02 1.531751e+03 3.249954e+11 4.380667e+09 9.256235e+09 2.395966e+09
2.480000e+02 3.478514e+11 9.502303e+02 1.534301e+03 3.309435e+11 4.209155e+09 8.867728e+09 2.413805e+09
2.490000e+02 3.531343e+11 9.513581e+02 1.536852e+03 3.367703e+11 4.044801e+09 8.496345e+09 2.431281e+09
2.500000e+02 3.583137e+11 9.524658e+02 1.539402e+03 3.424709e+11 3.887303e+09 8.141366e+09 2.448463e+09
2.510000e+02 3.633841e+11 9.535536e+02 1.541952e+03 3.480405e+11 3.736553e+09 7.802158e+09 2.465340e+09
2.520000e+02 3.683401e+11 9.546219e+02 1.544502e+03 3.534751e+11 3.591942e+09 7.477922e+09 2.482092e+09
2.530000e+02 3.731767e+11 9.556711e+02 1.547052e+03 3.587701e+11 3.453366e+09 7.168063e+09 2.498730e+09
2.540000e+02 3.778888e+11 9.567016e+02 1.549603e+03 3.639215e+11 3.320561e+09 6.871946e+09 2.515279e+09
2.550000e+02 3.824720e+11 9.577136e+02 1.552153e+03 3.689253e+11 3.193293e+09 6.588973e+09 2.531812e+09
2.560000e+02 3.869216e+11 9.587076e+02 1.554703e+03 3.737777e+11 3.071318e+09 6.318545e+09 2.548360e+09
2.570000e+02 3.912335e+11 9.596838e+02 1.557253e+03 3.784753e+11 2.954411e+09 6.060115e+09 2.564990e+09
2.580000e+02 3.954038e+11 9.606426e+02 1.559803e+03 3.830148e+11 2.842341e+09 5.813123e+09 2.581719e+09
2.590000e+02 3.994287e+11 9.615842e+02 1.562353e+03 3.873933e+11 2.734905e+09 5.577062e+09 2.598606e+09
2.600000e+02 4.033050e+11 9.625091e+02 1.564903e+03 3.916080e+11 2.631903e+09 5.351433e+09 2.615683e+09
2.610000e+02 4.070295e+11 9.634174e+02 1.567453e+03 3.956563e+11 2.533135e+09 5.135749e+09 2.632966e+09
2.620000e+02 4.105995e+11 9.643096e+02 1.570003e+03 3.995361e+11 2.438415e+09 4.929560e+09 2.650512e+09
2.630000e+02 4.140124e+11 9.651858e+02 1.572553e+03 4.032455e+11 2.347572e+09 4.732432e+09 2.668341e+09
2.640000e+02 4.172661e+11 9.660464e+02 1.575104e+03 4.067827e+11 2.260434e+09 4.543948e+09 2.686481e+09
2.650000e+02 4.203588e+11 9.668916e+02 1.577654e+03 4.101467e+11 2.176837e+09 4.363702e+09 2.704941e+09
2.660000e+02 4.232892e+11 9.677218e+02 1.580203e+03 4.133363e+11 2.096625e+09 4.191313e+09 2.723764e+09
2.670000e+02 4.260558e+11 9.685372e+02 1.582753e+03 4.163510e+11 2.019655e+09 4.026425e+09 2.742963e+09
2.680000e+02 4.286582e+11 9.693381e+02 1.585304e+03 4.191902e+11 1.945786e+09 3.868691e+09 2.762555e+09
2.690000e+02 4.310956e+11 9.701247e+02 1.587854e+03 4.218542e+11 1.874879e+09 3.717773e+09 2.782535e+09
2.700000e+02 4.333684e+11 9.708973e+02 1.590404e+03 4.243433e+11 1.806805e+09 3.573354e+09 2.802948e+09
2.710000e+02 4.354765e+11 9.716562e+02 1.592954e+03 4.266579e+11 1.741446e+09 3.435144e+09 2.823805e+09
2.720000e+02 4.374209e+11 9.724016e+02 1.595504e+03 4.287995e+11 1.678680e+09 3.302844e+09 2.845068e+09
2.730000e+02 4.392026e+11 9.731337e+02 1.598054e+03 4.307696e+11 1.618397e+09 3.176184e+09 2.866773e+09
2.740000e+02 4.408231e+11 9.738528e+02 1.600604e+03 4.325697e+11 1.560491e+09 3.054906e+09 2.888945e+09
2.750000e+02 4.422843e+11 9.750778e+02 1.603154e+03 4.342038e+11 1.504475e+09 2.938041e+09 2.911217e+09
2.760000e+02 4.435885e+11 9.765715e+02 1.605704e+03 4.356738e+11 1.450461e+09 2.825746e+09 2.933719e+09
2.770000e+02 4.447388e+11 9.780652e+02 1.608254e+03 4.369818e+11 1.398566e+09 2.718183e+09 2.956686e+09
2.780000e+02 4.457381e+11 9.795589e+02 1.610804e+03 4.381315e+11 1.348704e+09 2.615148e+09 2.980162e+09
2.790000e+02 4.465904e+11 9.810526e+02 1.613354e+03 4.391270e+11 1.300783e+09 2.516417e+09 3.004082e+09
2.800000e+02 4.472999e+11 9.825463e+02 1.615904e+03 4.399730e+11 1.254720e+09 2.421798e+09 3.028451e+09
2.810000e+02 4.478719e+11 9.840400e+02 1.618454e+03 4.406748e+11 1.210439e+09 2.331100e+09 3.053281e+09
2.820000e+02 4.483120e+11 9.855337e+02 1.621004e+03 4.412381e+11 1.167866e+09 2.244145e+09 3.078618e+09
2.830000e+02 4.486270e+11 9.870273e+02 1.623554e+03 4.416177e+11 1.131139e+09 2.176922e+09 3.125952e+09
2.840000e+02 4.488250e+11 9.885211e+02 1.626104e+03 4.418283e+11 1.099479e+09 2.126579e+09 3.193407e+09
2.850000e+02 4.489165e+11 9.900148e+02 1.628654e+03 4.419304e+11 1.068784e+09 2.077473e+09 3.260777e+09
2.860000e+02 4.489188e+11 9.915084e+02 1.631204e+03 4.419415e+11 1.039018e+09 2.029552e+09 3.328146e+09
2.870000e+02 4.488530e+11 9.930021e+02 1.633754e+03 4.418828e+11 1.010128e+09 1.982689e+09 3.395385e+09
2.880000e+02 4.487216e+11 9.944959e+02 1.636304e+03 4.417572e+11 9.820822e+08 1.936854e+09 3.462466e+09
2.890000e+02 4.485257e+11 9.959895e+02 1.638854e+03 4.415655e+11 9.548625e+08 1.892047e+09 3.529421e+09
2.900000e+02 4.482661e+11 9.974832e+02 1.641404e+03 4.413087e+11 9.284390e+08 1.848239e+09 3.596204e+09
2.910000e+02 4.479440e+11 9.989769e+02 1.643954e+03 4.409881e+11 9.027834e+08 1.805398e+09 3.662754e+09
2.920000e+02 4.475601e+11 1.000471e+03 1.646504e+03 4.405994e+11 8.779305e+08 1.767202e+09 3.730586e+09
2.930000e+02 4.471158e+11 1.001964e+03 1.649054e+03 4.401493e+11 8.537981e+08 1.729581e+09 3.798102e+09
2.940000e+02 4.466117e+11 1.003458e+03 1.651604e+03 4.396386e+11 8.303611e+08 1.692674e+09 3.865320e+09
2.950000e+02 4.460490e+11 1.004952e+03 1.654154e+03 4.390685e+11 8.075946e+08 1.656463e+09 3.932174e+09
2.960000e+02 4.454288e+11 1.006445e+03 1.656704e+03 4.384402e+11 7.854791e+08 1.620937e+09 3.998633e+09
2.970000e+02 4.447522e+11 1.007939e+03 1.659254e+03 4.377550e+11 7.639897e+08 1.586077e+09 4.064643e+09
2.980000e+02 4.440201e+11 1.009433e+03 1.661805e+03 4.370134e+11 7.431148e+08 1.551895e+09 4.130254e+09
2.990000e+02 4.432339e+11 1.010927e+03 1.664354e+03 4.362172e+11 7.228303e+08 1.518363e+09 4.195377e+09
3.000000e+02 4.423945e+11 1.012420e+03 1.666904e+03 4.331813e+11 0.000000e+00 0.000000e+00 8.983923e+09
