# IRI ion data (2026-06-22T17:00:00 UTC, lat=38.983 lon=-76.850)
# Altitude_km ne Ti Te nO+ nO2+ nNO+ nN+
7.000000e+01 2.145579e+08 2.093200e+02 2.093200e+02 0.000000e+00 0.000000e+00 0.000000e+00 0.000000e+00
7.100000e+01 2.464391e+08 2.063893e+02 2.063893e+02 0.000000e+00 0.000000e+00 0.000000e+00 0.000000e+00
7.200000e+01 2.789577e+08 2.035627e+02 2.035627e+02 0.000000e+00 0.000000e+00 0.000000e+00 0.000000e+00
7.300000e+01 3.115792e+08 2.008246e+02 2.008246e+02 0.000000e+00 0.000000e+00 0.000000e+00 0.000000e+00
7.400000e+01 3.438249e+08 1.980671e+02 1.980671e+02 0.000000e+00 0.000000e+00 0.000000e+00 0.000000e+00
7.500000e+01 3.753034e+08 1.953115e+02 1.953115e+02 0.000000e+00 0.000000e+00 0.000000e+00 0.000000e+00
7.600000e+01 4.057339e+08 1.925975e+02 1.925975e+02 0.000000e+00 0.000000e+00 0.000000e+00 0.000000e+00
7.700000e+01 4.349620e+08 1.899609e+02 1.899609e+02 0.000000e+00 0.000000e+00 0.000000e+00 0.000000e+00
7.800000e+01 4.629671e+08 1.874332e+02 1.874332e+02 0.000000e+00 0.000000e+00 0.000000e+00 0.000000e+00
7.900000e+01 4.898635e+08 1.850426e+02 1.850426e+02 0.000000e+00 0.000000e+00 0.000000e+00 0.000000e+00
8.000000e+01 5.158978e+08 1.828142e+02 1.828142e+02 1.441229e+01 2.024058e+06 5.138737e+08 7.505961e-01
8.100000e+01 5.414439e+08 1.807708e+02 1.807708e+02 2.046743e+00 2.541222e+06 5.389027e+08 3.684465e-01
8.200000e+01 5.715621e+08 1.789334e+02 1.789334e+02 2.523502e+00 2.858164e+06 5.687039e+08 4.864672e-01
8.300000e+01 6.326444e+08 1.773218e+02 1.773218e+02 3.699194e+00 3.525887e+06 6.291185e+08 7.182121e-01
8.400000e+01 7.717031e+08 1.759552e+02 1.759552e+02 6.594903e+00 5.272114e+06 7.664309e+08 1.288686e+00
8.500000e+01 1.090294e+09 1.748529e+02 1.748529e+02 1.575559e+01 1.054356e+07 1.079750e+09 3.096294e+00
8.600000e+01 1.834172e+09 1.740350e+02 1.740350e+02 5.305587e+01 2.973510e+07 1.804436e+09 1.047503e+01
8.700000e+01 3.089825e+09 1.735232e+02 1.735232e+02 1.770334e+02 8.358030e+07 3.006243e+09 3.506471e+01
8.800000e+01 4.977807e+09 1.733412e+02 1.733412e+02 5.296920e+02 2.133858e+08 4.764415e+09 1.050541e+02
8.900000e+01 7.684998e+09 1.735165e+02 1.735165e+02 1.416868e+03 4.962749e+08 7.188707e+09 2.807099e+02
9.000000e+01 1.139305e+10 1.740805e+02 1.740805e+02 3.397177e+03 1.054657e+09 1.033835e+10 6.703928e+02
9.100000e+01 1.625221e+10 1.750564e+02 1.750564e+02 7.384166e+03 2.055117e+09 1.419701e+10 1.446621e+03
9.200000e+01 2.235349e+10 1.764162e+02 1.764162e+02 1.480406e+04 3.704695e+09 1.864863e+10 2.869196e+03
9.300000e+01 2.970431e+10 1.781204e+02 1.781204e+02 2.777474e+04 6.398995e+09 2.330502e+10 5.306756e+03
9.400000e+01 3.821314e+10 1.801300e+02 1.801300e+02 4.968239e+04 1.024384e+10 2.796876e+10 9.325428e+03
9.500000e+01 4.768705e+10 1.824049e+02 1.824049e+02 8.575016e+04 1.529852e+10 3.238764e+10 1.575505e+04
9.600000e+01 5.784348e+10 1.849022e+02 1.849022e+02 1.441517e+05 2.146427e+10 3.637778e+10 2.581647e+04
9.700000e+01 6.833499e+10 1.875749e+02 1.875749e+02 2.379802e+05 2.849088e+10 3.984186e+10 4.132516e+04
9.800000e+01 7.878283e+10 1.903706e+02 1.903706e+02 3.885209e+05 3.601684e+10 4.276252e+10 6.501507e+04
9.900000e+01 8.881387e+10 1.932301e+02 1.932301e+02 6.295478e+05 4.362771e+10 4.518094e+10 1.009518e+05
1.000000e+02 9.809512e+10 1.960869e+02 1.960869e+02 1.011028e+06 5.091698e+10 4.717048e+10 1.548712e+05
1.010000e+02 1.063613e+11 1.988891e+02 1.988891e+02 1.598569e+06 5.672634e+10 4.962402e+10 2.340145e+05
1.020000e+02 1.134324e+11 2.016723e+02 2.016723e+02 2.482156e+06 5.870239e+10 5.471463e+10 3.484305e+05
1.030000e+02 1.192201e+11 2.045002e+02 2.045002e+02 3.755256e+06 5.955538e+10 5.964356e+10 5.080098e+05
1.040000e+02 1.237246e+11 2.074441e+02 2.074441e+02 5.703370e+06 5.716406e+10 6.653120e+10 7.474652e+05
1.050000e+02 1.270240e+11 2.105833e+02 2.105833e+02 8.183374e+06 5.630098e+10 7.068416e+10 1.043863e+06
1.060000e+02 1.292585e+11 2.140068e+02 2.140068e+02 1.145077e+07 5.538738e+10 7.382055e+10 1.426910e+06
1.070000e+02 1.306131e+11 2.178154e+02 2.178154e+02 1.560955e+07 5.445415e+10 7.609446e+10 1.905337e+06
1.080000e+02 1.313010e+11 2.221251e+02 2.221251e+02 2.077708e+07 5.349754e+10 7.772255e+10 2.488912e+06
1.090000e+02 1.315483e+11 2.270719e+02 2.270719e+02 2.711031e+07 5.254427e+10 7.890427e+10 3.191804e+06
1.100000e+02 1.315821e+11 2.328186e+02 2.328186e+02 3.481080e+07 5.160346e+10 7.985723e+10 4.033787e+06
1.110000e+02 1.421286e+11 2.395291e+02 2.395291e+02 5.104828e+07 5.695701e+10 8.500264e+10 5.832193e+06
1.120000e+02 1.526750e+11 2.472574e+02 2.472574e+02 7.327602e+07 6.214171e+10 9.030324e+10 8.272360e+06
1.130000e+02 1.632215e+11 2.560292e+02 2.560292e+02 1.033919e+08 6.704056e+10 9.587283e+10 1.155811e+07
1.140000e+02 1.737680e+11 2.658690e+02 2.658690e+02 1.440233e+08 7.154164e+10 1.018187e+11 1.595912e+07
1.150000e+02 1.843144e+11 2.767949e+02 2.767949e+02 1.903997e+08 7.616501e+10 1.076366e+11 2.089641e+07
1.160000e+02 1.948609e+11 2.888105e+02 2.888105e+02 2.618060e+08 7.931955e+10 1.148689e+11 2.837605e+07
1.170000e+02 2.054074e+11 3.018954e+02 3.018954e+02 3.576605e+08 8.193562e+10 1.225935e+11 3.811505e+07
1.180000e+02 2.159538e+11 3.159925e+02 3.159925e+02 4.852574e+08 8.405563e+10 1.307558e+11 5.058666e+07
1.190000e+02 2.265003e+11 3.309920e+02 3.309920e+02 6.530879e+08 8.577742e+10 1.392446e+11 6.627130e+07
1.200000e+02 2.370467e+11 3.467128e+02 3.467128e+02 8.706338e+08 8.723156e+10 1.479153e+11 8.563883e+07
1.210000e+02 2.475932e+11 3.628817e+02 3.628817e+02 1.148068e+09 8.855957e+10 1.566125e+11 1.091356e+08
1.220000e+02 2.581397e+11 3.791133e+02 3.791133e+02 1.495860e+09 8.989721e+10 1.651869e+11 1.371762e+08
1.230000e+02 2.686861e+11 3.948940e+02 3.948940e+02 1.924291e+09 9.136647e+10 1.735046e+11 1.701383e+08
1.240000e+02 2.792326e+11 4.076766e+02 4.076766e+02 2.436851e+09 9.325670e+10 1.812795e+11 2.082457e+08
1.250000e+02 2.897791e+11 4.210057e+02 4.210057e+02 3.103425e+09 9.620404e+10 1.877530e+11 2.560189e+08
1.260000e+02 3.003255e+11 4.337905e+02 4.337905e+02 3.843921e+09 9.832108e+10 1.949708e+11 3.062134e+08
1.270000e+02 3.108720e+11 4.460535e+02 4.460535e+02 4.716026e+09 1.005880e+11 2.018549e+11 3.629017e+08
1.280000e+02 3.214185e+11 4.578160e+02 4.591035e+02 5.720789e+09 1.026209e+11 2.087968e+11 4.254116e+08
1.290000e+02 3.319649e+11 4.690987e+02 4.731523e+02 6.872761e+09 1.049865e+11 2.152131e+11 4.940877e+08
1.300000e+02 3.425114e+11 4.799213e+02 4.872012e+02 8.189886e+09 1.074274e+11 2.213394e+11 5.694516e+08
1.310000e+02 3.530578e+11 4.903027e+02 5.012500e+02 9.686458e+09 1.099252e+11 2.271792e+11 6.516787e+08
1.320000e+02 3.636043e+11 5.002609e+02 5.152989e+02 1.137728e+10 1.124604e+11 2.327372e+11 7.409233e+08
1.330000e+02 3.741508e+11 5.098133e+02 5.293477e+02 1.327759e+10 1.150124e+11 2.380185e+11 8.373170e+08
1.340000e+02 3.846972e+11 5.189766e+02 5.433965e+02 1.540310e+10 1.175611e+11 2.430279e+11 9.409686e+08
1.350000e+02 3.952437e+11 5.277668e+02 5.574454e+02 1.772756e+10 1.196673e+11 2.482490e+11 1.049549e+09
1.360000e+02 4.057902e+11 5.361992e+02 5.714943e+02 2.035504e+10 1.221937e+11 2.526774e+11 1.168206e+09
1.370000e+02 4.163366e+11 5.442884e+02 5.855431e+02 2.325723e+10 1.246588e+11 2.568442e+11 1.294309e+09
1.380000e+02 4.264104e+11 5.520485e+02 5.995919e+02 2.639585e+10 1.268751e+11 2.605296e+11 1.424898e+09
1.390000e+02 4.340794e+11 5.594929e+02 6.136407e+02 2.952352e+10 1.281579e+11 2.628510e+11 1.546405e+09
1.400000e+02 4.418069e+11 5.666346e+02 6.276896e+02 3.291480e+10 1.294005e+11 2.649771e+11 1.673329e+09
1.410000e+02 4.495912e+11 5.734861e+02 6.417384e+02 3.658342e+10 1.305892e+11 2.669076e+11 1.805650e+09
1.420000e+02 4.574297e+11 5.800592e+02 6.557872e+02 4.054311e+10 1.317115e+11 2.686401e+11 1.943338e+09
1.430000e+02 4.653205e+11 5.863652e+02 6.698361e+02 4.480771e+10 1.327565e+11 2.701716e+11 2.086349e+09
1.440000e+02 4.732611e+11 5.924152e+02 6.838849e+02 4.939096e+10 1.337144e+11 2.714976e+11 2.234626e+09
1.450000e+02 4.812492e+11 5.982195e+02 6.979338e+02 5.430650e+10 1.345766e+11 2.726129e+11 2.388091e+09
1.460000e+02 4.892822e+11 6.037882e+02 7.119826e+02 5.956764e+10 1.353356e+11 2.735114e+11 2.546654e+09
1.470000e+02 4.973576e+11 6.091310e+02 7.260314e+02 6.518737e+10 1.359846e+11 2.741872e+11 2.710201e+09
1.480000e+02 5.054726e+11 6.142571e+02 7.400802e+02 7.117818e+10 1.365178e+11 2.746337e+11 2.878594e+09
1.490000e+02 5.136246e+11 6.191753e+02 7.541290e+02 7.755180e+10 1.369302e+11 2.748445e+11 3.051677e+09
1.500000e+02 5.218107e+11 6.238941e+02 7.681779e+02 8.431939e+10 1.372175e+11 2.748130e+11 3.229265e+09
1.510000e+02 5.300279e+11 6.284217e+02 7.822267e+02 9.149100e+10 1.373760e+11 2.745336e+11 3.411150e+09
1.520000e+02 5.382732e+11 6.327659e+02 7.962755e+02 9.907572e+10 1.374027e+11 2.740006e+11 3.597094e+09
1.530000e+02 5.465436e+11 6.369341e+02 8.103242e+02 1.070814e+11 1.372954e+11 2.732092e+11 3.786833e+09
1.540000e+02 5.548358e+11 6.409335e+02 8.243730e+02 1.155145e+11 1.370522e+11 2.721555e+11 3.980074e+09
1.550000e+02 5.631467e+11 6.447711e+02 8.384217e+02 1.243799e+11 1.366720e+11 2.708364e+11 4.176496e+09
1.560000e+02 5.714729e+11 6.484534e+02 8.524704e+02 1.336812e+11 1.361542e+11 2.692501e+11 4.375751e+09
1.570000e+02 5.798109e+11 6.519867e+02 8.665192e+02 1.434196e+11 1.354990e+11 2.673953e+11 4.577456e+09
1.580000e+02 5.881574e+11 6.553771e+02 8.805678e+02 1.535951e+11 1.347069e+11 2.652727e+11 4.781215e+09
1.590000e+02 5.965085e+11 6.586305e+02 8.946165e+02 1.642050e+11 1.337793e+11 2.628839e+11 4.986597e+09
1.600000e+02 6.048610e+11 6.617523e+02 9.086650e+02 1.752454e+11 1.327180e+11 2.602319e+11 5.193154e+09
1.610000e+02 6.132108e+11 6.647480e+02 9.227136e+02 1.867180e+11 1.315263e+11 2.573128e+11 5.400153e+09
1.620000e+02 6.215543e+11 6.676228e+02 9.367620e+02 1.985971e+11 1.302053e+11 2.541490e+11 5.607622e+09
1.630000e+02 6.298876e+11 6.703814e+02 9.508104e+02 2.108805e+11 1.287597e+11 2.507392e+11 5.814798e+09
1.640000e+02 6.382069e+11 6.730287e+02 9.648586e+02 2.235553e+11 1.271936e+11 2.470919e+11 6.021171e+09
1.650000e+02 6.465079e+11 6.755692e+02 9.789067e+02 2.364386e+11 1.254240e+11 2.434522e+11 6.223827e+09
1.660000e+02 6.547868e+11 6.780071e+02 9.929547e+02 2.498526e+11 1.236379e+11 2.393489e+11 6.427257e+09
1.670000e+02 6.630396e+11 6.803467e+02 1.007003e+03 2.636067e+11 1.217467e+11 2.350412e+11 6.628307e+09
1.680000e+02 6.712617e+11 6.825920e+02 1.021050e+03 2.776794e+11 1.197563e+11 2.305424e+11 6.826452e+09
1.690000e+02 6.794494e+11 6.847468e+02 1.035097e+03 2.920484e+11 1.176735e+11 2.258668e+11 7.021189e+09
1.700000e+02 6.875980e+11 6.868148e+02 1.049144e+03 3.066890e+11 1.155048e+11 2.210295e+11 7.212021e+09
1.710000e+02 6.957035e+11 6.887994e+02 1.063191e+03 3.215756e+11 1.132576e+11 2.160460e+11 7.398470e+09
1.720000e+02 7.037614e+11 6.907041e+02 1.077237e+03 3.366813e+11 1.109391e+11 2.109326e+11 7.580076e+09
1.730000e+02 7.117672e+11 6.925322e+02 1.091282e+03 3.519781e+11 1.085568e+11 2.057059e+11 7.756409e+09
1.740000e+02 7.197165e+11 6.942866e+02 1.105327e+03 3.674372e+11 1.061185e+11 2.003829e+11 7.927059e+09
1.750000e+02 7.276049e+11 6.959705e+02 1.119370e+03 3.830295e+11 1.036317e+11 1.949805e+11 8.091656e+09
1.760000e+02 7.354278e+11 6.975867e+02 1.133412e+03 3.987250e+11 1.011044e+11 1.895156e+11 8.249859e+09
1.770000e+02 7.431807e+11 6.991378e+02 1.147453e+03 4.144939e+11 9.854405e+10 1.840051e+11 8.401355e+09
1.780000e+02 7.508591e+11 7.006266e+02 1.161493e+03 4.303063e+11 9.595834e+10 1.784656e+11 8.545883e+09
1.790000e+02 7.584582e+11 7.020556e+02 1.175530e+03 4.461332e+11 9.335452e+10 1.729128e+11 8.683194e+09
1.800000e+02 7.659734e+11 7.034271e+02 1.189564e+03 4.619447e+11 9.073990e+10 1.673624e+11 8.813096e+09
1.810000e+02 7.734002e+11 7.047437e+02 1.203596e+03 4.776521e+11 8.820482e+10 1.618124e+11 8.934499e+09
1.820000e+02 7.807340e+11 7.060073e+02 1.217623e+03 4.934364e+11 8.547039e+10 1.563341e+11 9.050478e+09
1.830000e+02 7.879699e+11 7.072202e+02 1.231646e+03 5.091202e+11 8.275205e+10 1.508968e+11 9.158564e+09
1.840000e+02 7.951036e+11 7.083843e+02 1.245663e+03 5.246777e+11 8.005563e+10 1.455131e+11 9.258717e+09
1.850000e+02 8.021301e+11 7.095019e+02 1.259673e+03 5.400841e+11 7.738678e+10 1.401948e+11 9.350912e+09
1.860000e+02 8.090451e+11 7.105746e+02 1.273674e+03 5.553157e+11 7.475059e+10 1.349528e+11 9.435168e+09
1.870000e+02 8.158436e+11 7.116043e+02 1.287666e+03 5.703497e+11 7.215181e+10 1.297973e+11 9.511538e+09
1.880000e+02 8.225211e+11 7.125927e+02 1.301644e+03 5.851658e+11 6.959464e+10 1.247367e+11 9.580091e+09
1.890000e+02 8.290733e+11 7.135416e+02 1.315607e+03 5.997444e+11 6.708282e+10 1.197790e+11 9.640938e+09
1.900000e+02 8.354951e+11 7.144523e+02 1.329552e+03 6.140677e+11 6.461980e+10 1.149312e+11 9.694210e+09
1.910000e+02 8.417823e+11 7.153267e+02 1.343473e+03 6.281190e+11 6.220850e+10 1.101992e+11 9.740041e+09
1.920000e+02 8.479301e+11 7.161660e+02 1.357367e+03 6.418830e+11 5.985144e+10 1.055879e+11 9.778608e+09
1.930000e+02 8.539342e+11 7.169718e+02 1.371228e+03 6.553462e+11 5.755066e+10 1.011014e+11 9.810107e+09
1.940000e+02 8.597901e+11 7.177453e+02 1.385048e+03 6.684964e+11 5.530792e+10 9.674270e+10 9.834712e+09
1.950000e+02 8.654933e+11 7.184879e+02 1.398820e+03 6.813221e+11 5.312461e+10 9.251444e+10 9.852653e+09
1.960000e+02 8.710392e+11 7.192008e+02 1.412534e+03 6.938138e+11 5.100168e+10 8.841810e+10 9.864142e+09
1.970000e+02 8.764238e+11 7.198852e+02 1.426177e+03 7.059629e+11 4.893986e+10 8.445457e+10 9.869412e+09
1.980000e+02 8.816427e+11 7.205422e+02 1.439736e+03 7.177623e+11 4.693954e+10 8.062407e+10 9.868695e+09
1.990000e+02 8.866915e+11 7.211730e+02 1.453197e+03 7.292051e+11 4.500078e+10 7.692613e+10 9.862219e+09
2.000000e+02 8.915662e+11 7.217786e+02 1.466539e+03 7.402860e+11 4.312356e+10 7.336004e+10 9.850237e+09
2.010000e+02 8.962624e+11 7.232018e+02 1.479744e+03 7.510646e+11 4.128541e+10 6.988733e+10 9.829113e+09
2.020000e+02 9.007763e+11 7.246251e+02 1.492788e+03 7.614706e+11 3.950894e+10 6.654511e+10 9.802843e+09
2.030000e+02 9.051035e+11 7.260483e+02 1.505647e+03 7.715007e+11 3.779339e+10 6.333126e+10 9.771672e+09
2.040000e+02 9.092404e+11 7.274716e+02 1.518294e+03 7.811527e+11 3.613796e+10 6.024340e+10 9.735853e+09
2.050000e+02 9.131827e+11 7.288948e+02 1.530701e+03 7.904241e+11 3.454167e+10 5.727902e+10 9.695634e+09
2.060000e+02 9.169267e+11 7.303181e+02 1.542842e+03 7.993138e+11 3.300345e+10 5.443524e+10 9.651257e+09
2.070000e+02 9.204683e+11 7.317413e+02 1.554690e+03 8.078204e+11 3.152213e+10 5.170924e+10 9.602952e+09
2.080000e+02 9.238042e+11 7.331645e+02 1.566222e+03 8.159434e+11 3.009657e+10 4.909810e+10 9.550957e+09
2.090000e+02 9.269302e+11 7.345877e+02 1.577419e+03 8.236817e+11 2.872552e+10 4.659888e+10 9.495480e+09
2.100000e+02 9.298426e+11 7.360110e+02 1.588266e+03 8.310346e+11 2.740774e+10 4.420866e+10 9.436742e+09
2.110000e+02 9.325379e+11 7.374342e+02 1.598755e+03 8.380019e+11 2.614200e+10 4.192455e+10 9.374935e+09
2.120000e+02 9.350119e+11 7.388574e+02 1.608888e+03 8.445827e+11 2.492706e+10 3.974375e+10 9.310265e+09
2.130000e+02 9.372612e+11 7.402807e+02 1.618668e+03 8.507769e+11 2.376163e+10 3.766333e+10 9.242904e+09
2.140000e+02 9.392815e+11 7.417039e+02 1.628111e+03 8.565840e+11 2.264452e+10 3.568055e+10 9.173037e+09
2.150000e+02 9.410690e+11 7.431271e+02 1.637233e+03 8.620034e+11 2.157441e+10 3.379249e+10 9.100826e+09
2.160000e+02 9.426194e+11 7.445504e+02 1.646059e+03 8.670347e+11 2.055002e+10 3.199624e+10 9.026433e+09
2.170000e+02 9.439278e+11 7.459736e+02 1.654614e+03 8.716766e+11 1.957005e+10 3.028886e+10 8.950002e+09
2.180000e+02 9.449888e+11 7.473969e+02 1.662924e+03 8.759283e+11 1.863316e+10 2.866730e+10 8.871673e+09
2.190000e+02 9.457959e+11 7.488201e+02 1.671019e+03 8.797870e+11 1.773798e+10 2.712849e+10 8.791567e+09
2.200000e+02 9.463406e+11 7.502433e+02 1.678923e+03 8.832491e+11 1.688312e+10 2.566924e+10 8.709773e+09
2.210000e+02 9.466081e+11 7.516666e+02 1.686662e+03 8.863040e+11 1.606719e+10 2.428649e+10 8.626350e+09
2.220000e+02 9.466081e+11 7.530898e+02 1.694260e+03 8.889659e+11 1.528879e+10 2.297690e+10 8.541547e+09
2.230000e+02 9.464880e+11 7.545130e+02 1.701738e+03 8.913852e+11 1.454659e+10 2.173627e+10 8.456716e+09
2.240000e+02 9.462615e+11 7.559363e+02 1.709112e+03 8.935809e+11 1.383917e+10 2.056146e+10 8.372056e+09
2.250000e+02 9.459378e+11 7.573595e+02 1.716401e+03 8.955663e+11 1.316509e+10 1.944934e+10 8.287699e+09
2.260000e+02 9.455110e+11 7.587827e+02 1.723618e+03 8.973404e+11 1.252297e+10 1.839699e+10 8.203667e+09
2.270000e+02 9.449840e+11 7.602059e+02 1.730774e+03 8.989107e+11 1.191145e+10 1.740150e+10 8.120051e+09
2.280000e+02 9.443538e+11 7.616292e+02 1.737880e+03 9.002785e+11 1.132918e+10 1.646006e+10 8.036873e+09
2.290000e+02 9.436208e+11 7.630524e+02 1.744945e+03 9.014487e+11 1.077490e+10 1.556993e+10 7.954191e+09
2.300000e+02 9.427906e+11 7.644756e+02 1.751975e+03 9.024309e+11 1.024734e+10 1.472849e+10 7.872102e+09
2.310000e+02 9.418625e+11 7.658989e+02 1.758976e+03 9.032286e+11 9.745302e+09 1.393319e+10 7.790626e+09
2.320000e+02 9.408325e+11 7.673221e+02 1.765954e+03 9.038419e+11 9.267600e+09 1.318161e+10 7.709787e+09
2.330000e+02 9.397071e+11 7.687454e+02 1.772913e+03 9.042809e+11 8.813134e+09 1.247144e+10 7.629662e+09
2.340000e+02 9.384806e+11 7.701686e+02 1.779856e+03 9.045436e+11 8.380809e+09 1.180047e+10 7.550246e+09
2.350000e+02 9.371613e+11 7.715919e+02 1.786785e+03 9.046420e+11 7.969589e+09 1.116655e+10 7.471615e+09
2.360000e+02 9.357458e+11 7.730151e+02 1.793704e+03 9.045760e+11 7.578480e+09 1.056768e+10 7.393786e+09
2.370000e+02 9.342361e+11 7.744383e+02 1.800615e+03 9.043506e+11 7.206529e+09 1.000196e+10 7.316785e+09
2.380000e+02 9.326317e+11 7.758615e+02 1.807517e+03 9.039688e+11 6.852813e+09 9.467549e+09 7.240631e+09
2.390000e+02 9.309320e+11 7.772848e+02 1.814414e+03 9.034326e+11 6.516472e+09 8.962731e+09 7.165339e+09
2.400000e+02 9.291404e+11 7.787080e+02 1.821307e+03 9.027487e+11 6.196666e+09 8.485873e+09 7.090947e+09
2.410000e+02 9.272585e+11 7.801312e+02 1.828195e+03 9.019208e+11 5.892592e+09 8.035403e+09 7.017482e+09
2.420000e+02 9.252870e+11 7.815544e+02 1.835079e+03 9.009526e+11 5.603496e+09 7.609860e+09 6.944951e+09
2.430000e+02 9.232251e+11 7.829777e+02 1.841962e+03 8.998457e+11 5.328647e+09 7.207855e+09 6.873370e+09
2.440000e+02 9.210739e+11 7.844009e+02 1.848842e+03 8.986035e+11 5.067353e+09 6.828064e+09 6.802739e+09
2.450000e+02 9.188361e+11 7.858242e+02 1.855720e+03 8.972310e+11 4.818951e+09 6.469238e+09 6.733091e+09
2.460000e+02 9.165136e+11 7.872474e+02 1.862597e+03 8.957321e+11 4.582811e+09 6.130202e+09 6.664439e+09
2.470000e+02 9.141050e+11 7.886707e+02 1.869472e+03 8.941077e+11 4.358331e+09 5.809842e+09 6.596778e+09
2.480000e+02 9.116140e+11 7.900939e+02 1.876347e+03 8.923634e+11 4.144943e+09 5.507108e+09 6.530129e+09
2.490000e+02 9.090333e+11 7.915171e+02 1.883220e+03 8.904934e+11 3.942103e+09 5.221026e+09 6.464461e+09
2.500000e+02 9.063774e+11 7.929404e+02 1.890093e+03 8.885141e+11 3.749284e+09 4.950616e+09 6.399833e+09
2.510000e+02 9.036404e+11 7.943636e+02 1.896966e+03 8.864217e+11 3.565974e+09 4.695014e+09 6.336255e+09
2.520000e+02 9.008244e+11 7.957868e+02 1.903838e+03 8.842193e+11 3.391755e+09 4.453392e+09 6.273667e+09
2.530000e+02 8.979289e+11 7.972101e+02 1.910710e+03 8.819081e+11 3.226150e+09 4.224955e+09 6.212092e+09
2.540000e+02 8.949551e+11 7.986333e+02 1.917581e+03 8.794910e+11 3.068733e+09 4.008961e+09 6.151541e+09
2.550000e+02 8.919075e+11 8.000565e+02 1.924452e+03 8.769735e+11 2.919100e+09 3.804708e+09 6.092020e+09
2.560000e+02 8.887860e+11 8.014797e+02 1.931323e+03 8.743569e+11 2.776862e+09 3.611524e+09 6.033521e+09
2.570000e+02 8.855916e+11 8.029030e+02 1.938194e+03 8.716436e+11 2.641655e+09 3.428796e+09 5.976044e+09
2.580000e+02 8.823267e+11 8.043262e+02 1.945065e+03 8.688370e+11 2.513129e+09 3.255928e+09 5.919590e+09
2.590000e+02 8.789897e+11 8.057495e+02 1.951935e+03 8.659368e+11 2.390953e+09 3.092370e+09 5.864141e+09
2.600000e+02 8.755819e+11 8.071727e+02 1.958806e+03 8.629451e+11 2.274815e+09 2.937601e+09 5.809692e+09
2.610000e+02 8.721096e+11 8.085959e+02 1.965676e+03 8.598697e+11 2.164412e+09 2.791119e+09 5.756252e+09
2.620000e+02 8.685710e+11 8.100192e+02 1.972546e+03 8.567089e+11 2.059455e+09 2.652456e+09 5.703804e+09
2.630000e+02 8.649675e+11 8.114424e+02 1.979417e+03 8.534659e+11 1.959682e+09 2.521187e+09 5.652341e+09
2.640000e+02 8.612972e+11 8.128656e+02 1.986287e+03 8.501392e+11 1.864832e+09 2.396895e+09 5.601840e+09
2.650000e+02 8.575684e+11 8.142889e+02 1.993157e+03 8.467380e+11 1.774656e+09 2.279178e+09 5.552313e+09
2.660000e+02 8.537788e+11 8.157121e+02 2.000027e+03 8.432608e+11 1.688927e+09 2.167679e+09 5.503739e+09
2.670000e+02 8.499296e+11 8.171353e+02 2.006897e+03 8.397097e+11 1.607420e+09 2.062051e+09 5.456113e+09
2.680000e+02 8.460222e+11 8.185586e+02 2.013767e+03 8.360864e+11 1.529925e+09 1.961963e+09 5.409407e+09
2.690000e+02 8.420604e+11 8.199818e+02 2.020637e+03 8.323957e+11 1.456244e+09 1.867110e+09 5.363626e+09
2.700000e+02 8.380385e+11 8.214050e+02 2.027508e+03 8.286326e+11 1.386189e+09 1.777206e+09 5.318732e+09
2.710000e+02 8.339672e+11 8.228282e+02 2.034378e+03 8.248082e+11 1.319574e+09 1.691967e+09 5.274737e+09
2.720000e+02 8.298448e+11 8.242515e+02 2.041248e+03 8.209215e+11 1.256232e+09 1.611143e+09 5.231617e+09
2.730000e+02 8.256694e+11 8.256747e+02 2.048118e+03 8.169711e+11 1.195999e+09 1.534489e+09 5.189349e+09
2.740000e+02 8.214442e+11 8.270980e+02 2.054988e+03 8.129608e+11 1.138719e+09 1.461775e+09 5.147919e+09
2.750000e+02 8.171735e+11 8.285212e+02 2.061858e+03 8.088952e+11 1.084247e+09 1.392786e+09 5.107316e+09
2.760000e+02 8.128557e+11 8.299445e+02 2.068728e+03 8.047734e+11 1.032440e+09 1.327316e+09 5.067516e+09
2.770000e+02 8.084936e+11 8.313677e+02 2.075598e+03 8.005987e+11 9.831688e+08 1.265174e+09 5.028507e+09
2.780000e+02 8.040877e+11 8.327909e+02 2.082468e+03 7.963716e+11 9.363052e+08 1.206179e+09 4.990268e+09
2.790000e+02 7.996401e+11 8.342142e+02 2.089338e+03 7.920952e+11 8.917306e+08 1.150161e+09 4.952778e+09
2.800000e+02 7.951484e+11 8.356374e+02 2.096208e+03 7.877670e+11 8.493304e+08 1.096958e+09 4.916009e+09
2.810000e+02 7.906217e+11 8.370606e+02 2.103078e+03 7.833966e+11 8.089962e+08 1.046416e+09 4.879964e+09
2.820000e+02 7.860558e+11 8.384838e+02 2.109948e+03 7.789804e+11 7.706261e+08 9.983951e+08 4.844607e+09
2.830000e+02 7.814552e+11 8.399071e+02 2.116819e+03 7.745229e+11 7.341210e+08 9.527571e+08 4.809927e+09
2.840000e+02 7.768157e+11 8.413303e+02 2.123689e+03 7.700205e+11 6.993906e+08 9.093771e+08 4.775886e+09
2.850000e+02 7.721466e+11 8.427535e+02 2.130559e+03 7.654825e+11 6.663453e+08 8.681328e+08 4.742487e+09
2.860000e+02 7.674436e+11 8.441768e+02 2.137428e+03 7.609053e+11 6.349022e+08 8.289110e+08 4.709693e+09
2.870000e+02 7.627108e+11 8.456000e+02 2.144299e+03 7.562785e+11 6.057672e+08 7.930526e+08 4.686609e+09
2.880000e+02 7.579478e+11 8.470233e+02 2.151169e+03 7.515828e+11 5.798410e+08 7.622319e+08 4.685797e+09
2.890000e+02 7.531582e+11 8.484465e+02 2.158039e+03 7.468589e+11 5.550215e+08 7.326081e+08 4.684218e+09
2.900000e+02 7.483391e+11 8.498698e+02 2.164909e+03 7.421039e+11 5.312616e+08 7.041358e+08 4.681878e+09
2.910000e+02 7.434956e+11 8.512930e+02 2.171779e+03 7.373226e+11 5.085150e+08 6.767684e+08 4.678785e+09
2.920000e+02 7.386303e+11 8.527162e+02 2.178648e+03 7.325181e+11 4.867391e+08 6.504640e+08 4.674954e+09
2.930000e+02 7.337404e+11 8.541394e+02 2.185519e+03 7.276875e+11 4.658934e+08 6.251809e+08 4.670376e+09
2.940000e+02 7.288280e+11 8.555627e+02 2.192388e+03 7.228332e+11 4.459376e+08 6.008806e+08 4.665077e+09
2.950000e+02 7.238970e+11 8.569859e+02 2.199258e+03 7.179587e+11 4.268337e+08 5.775219e+08 4.659066e+09
2.960000e+02 7.189481e+11 8.584091e+02 2.206128e+03 7.130655e+11 4.085463e+08 5.550729e+08 4.652337e+09
2.970000e+02 7.139812e+11 8.598323e+02 2.212998e+03 7.081528e+11 3.910402e+08 5.334967e+08 4.644906e+09
2.980000e+02 7.089982e+11 8.612556e+02 2.219868e+03 7.032228e+11 3.742825e+08 5.127591e+08 4.636783e+09
2.990000e+02 7.039997e+11 8.626788e+02 2.226738e+03 6.982765e+11 3.582409e+08 4.928276e+08 4.627985e+09
3.000000e+02 6.989886e+11 8.641020e+02 2.233607e+03 6.843518e+11 0.000000e+00 0.000000e+00 1.374849e+10
