# Altitude_km Temperature_K Density_kg_m3 Pressure_Pa Pressure_Torr Orbital_Velocity_m_s Number_Density_per_m3 n_N2 n_O2 n_O n_He n_Ar n_N
7.000000e+01 2.193036e+02 7.551843e-05 4.753968e+00 3.565779e-02 7.862418e+03 1.570100e+21 1.226768e+21 3.289669e+20 3.019822e+15 8.169585e+15 1.466126e+19 nan
7.046000e+01 2.183714e+02 7.069797e-05 4.431597e+00 3.323980e-02 7.862138e+03 1.469878e+21 1.148461e+21 3.079684e+20 2.979953e+15 7.648107e+15 1.372541e+19 nan
7.092000e+01 2.174512e+02 6.616341e-05 4.129877e+00 3.097671e-02 7.861857e+03 1.375600e+21 1.074799e+21 2.882154e+20 2.919953e+15 7.157559e+15 1.284507e+19 nan
7.138000e+01 2.165404e+02 6.190046e-05 3.847605e+00 2.885949e-02 7.861577e+03 1.286969e+21 1.005549e+21 2.696455e+20 2.841561e+15 6.696392e+15 1.201745e+19 nan
7.184000e+01 2.156341e+02 5.789547e-05 3.583599e+00 2.687928e-02 7.861296e+03 1.203701e+21 9.404896e+20 2.521993e+20 2.752444e+15 6.263132e+15 1.123991e+19 nan
7.230000e+01 2.147266e+02 5.413491e-05 3.336729e+00 2.502759e-02 7.861016e+03 1.125516e+21 8.794009e+20 2.358179e+20 2.660392e+15 5.856315e+15 1.050983e+19 nan
7.276000e+01 2.138131e+02 5.060651e-05 3.105977e+00 2.329680e-02 7.860736e+03 1.052157e+21 8.220832e+20 2.204477e+20 2.572273e+15 5.474611e+15 9.824822e+18 nan
7.322000e+01 2.128884e+02 4.729715e-05 2.890311e+00 2.167917e-02 7.860456e+03 9.833525e+20 7.683240e+20 2.060317e+20 2.494083e+15 5.116605e+15 9.182339e+18 nan
7.368000e+01 2.119478e+02 4.419487e-05 2.688799e+00 2.016770e-02 7.860175e+03 9.188531e+20 7.179285e+20 1.925178e+20 2.431100e+15 4.781000e+15 8.580057e+18 nan
7.414000e+01 2.109867e+02 4.128783e-05 2.500545e+00 1.875568e-02 7.859895e+03 8.584130e+20 6.707048e+20 1.798544e+20 2.388202e+15 4.466516e+15 8.015679e+18 nan
7.460000e+01 2.100006e+02 3.856488e-05 2.324717e+00 1.743686e-02 7.859615e+03 8.018003e+20 6.264715e+20 1.679930e+20 2.370213e+15 4.171947e+15 7.487042e+18 nan
7.506000e+01 2.089854e+02 3.601523e-05 2.160527e+00 1.620533e-02 7.859335e+03 7.487907e+20 5.850534e+20 1.568864e+20 2.382487e+15 3.896126e+15 6.992048e+18 nan
7.552000e+01 2.079372e+02 3.362849e-05 2.007230e+00 1.505550e-02 7.859055e+03 6.991681e+20 5.462816e+20 1.464894e+20 2.431471e+15 3.637928e+15 6.528682e+18 nan
7.598000e+01 2.068520e+02 3.139459e-05 1.864113e+00 1.398203e-02 7.858775e+03 6.527232e+20 5.099926e+20 1.367583e+20 2.525698e+15 3.396277e+15 6.094988e+18 nan
7.644000e+01 2.057298e+02 2.930410e-05 1.730546e+00 1.298020e-02 7.858495e+03 6.092599e+20 4.760333e+20 1.276518e+20 2.675108e+15 3.170779e+15 5.689135e+18 nan
7.690000e+01 2.045798e+02 2.734617e-05 1.605894e+00 1.204523e-02 7.858215e+03 5.685527e+20 4.442274e+20 1.191228e+20 2.888567e+15 2.960574e+15 5.309019e+18 nan
7.736000e+01 2.034129e+02 2.551159e-05 1.489613e+00 1.117305e-02 7.857935e+03 5.304101e+20 4.144251e+20 1.111312e+20 3.178248e+15 2.764453e+15 4.952849e+18 nan
7.782000e+01 2.022390e+02 2.379151e-05 1.381162e+00 1.035959e-02 7.857655e+03 4.946480e+20 3.864829e+20 1.036383e+20 3.561547e+15 2.581310e+15 4.618908e+18 nan
7.828000e+01 2.010682e+02 2.217835e-05 1.280060e+00 9.601263e-03 7.857375e+03 4.611088e+20 3.602775e+20 9.661105e+19 4.062685e+15 2.410179e+15 4.305722e+18 nan
7.874000e+01 1.999097e+02 2.066501e-05 1.185843e+00 8.894576e-03 7.857095e+03 4.296451e+20 3.356935e+20 9.001870e+19 4.715206e+15 2.250169e+15 4.011917e+18 nan
7.920000e+01 1.987725e+02 1.924538e-05 1.098096e+00 8.236420e-03 7.856815e+03 4.001298e+20 3.126318e+20 8.383454e+19 5.565141e+15 2.100499e+15 3.736304e+18 nan
7.966000e+01 1.976649e+02 1.791353e-05 1.016408e+00 7.623709e-03 7.856535e+03 3.724392e+20 2.909959e+20 7.803270e+19 6.676143e+15 1.960435e+15 3.477730e+18 nan
8.012000e+01 1.965951e+02 1.666425e-05 9.404070e-01 7.053652e-03 7.856255e+03 3.464654e+20 2.707011e+20 7.259050e+19 8.136400e+15 1.829339e+15 3.235184e+18 nan
8.058000e+01 1.955709e+02 1.549267e-05 8.697373e-01 6.523584e-03 7.855976e+03 3.221073e+20 2.516687e+20 6.748657e+19 1.006875e+16 1.706624e+15 3.007725e+18 nan
8.104000e+01 1.945997e+02 1.439438e-05 8.040675e-01 6.031019e-03 7.855696e+03 2.992727e+20 2.338262e+20 6.270198e+19 1.264568e+16 1.591732e+15 2.794487e+18 nan
8.150000e+01 1.936871e+02 1.336536e-05 7.430859e-01 5.573617e-03 7.855416e+03 2.778785e+20 2.171087e+20 5.821908e+19 1.610235e+16 1.484174e+15 2.594694e+18 nan
8.196000e+01 1.928321e+02 1.240212e-05 6.864876e-01 5.149094e-03 7.855136e+03 2.578517e+20 2.014593e+20 5.402238e+19 2.071956e+16 1.383548e+15 2.407666e+18 nan
8.242000e+01 1.920318e+02 1.150152e-05 6.339953e-01 4.755369e-03 7.854857e+03 2.391275e+20 1.868269e+20 5.009846e+19 2.683480e+16 1.289472e+15 2.232793e+18 nan
8.288000e+01 1.912836e+02 1.066043e-05 5.853426e-01 4.390442e-03 7.854577e+03 2.216405e+20 1.731605e+20 4.643354e+19 3.484465e+16 1.201583e+15 2.069463e+18 nan
8.334000e+01 1.905848e+02 9.875601e-06 5.402680e-01 4.052354e-03 7.854298e+03 2.053231e+20 1.604067e+20 4.301343e+19 4.518427e+16 1.119518e+15 1.917042e+18 nan
8.380000e+01 1.899331e+02 9.144070e-06 4.985373e-01 3.739347e-03 7.854018e+03 1.901138e+20 1.485178e+20 3.982509e+19 5.828217e+16 1.042936e+15 1.774956e+18 nan
8.426000e+01 1.893261e+02 8.462765e-06 4.599179e-01 3.449677e-03 7.853738e+03 1.759489e+20 1.374436e+20 3.685510e+19 7.448660e+16 9.715003e+14 1.642606e+18 nan
8.472000e+01 1.887618e+02 7.828978e-06 4.242058e-01 3.181814e-03 7.853459e+03 1.627718e+20 1.271405e+20 3.409120e+19 9.395323e+16 9.049012e+14 1.519432e+18 nan
8.518000e+01 1.882379e+02 7.239791e-06 3.911925e-01 2.934193e-03 7.853179e+03 1.505221e+20 1.175623e+20 3.151978e+19 1.165010e+17 8.428353e+14 1.404900e+18 nan
8.564000e+01 1.877525e+02 6.692502e-06 3.606880e-01 2.705390e-03 7.852900e+03 1.391435e+20 1.086655e+20 2.912911e+19 1.414586e+17 7.850212e+14 1.298368e+18 nan
8.610000e+01 1.873036e+02 6.184379e-06 3.325062e-01 2.494008e-03 7.852621e+03 1.285791e+20 1.004058e+20 2.690793e+19 1.675383e+17 7.311748e+14 1.199231e+18 nan
8.656000e+01 1.868893e+02 5.713006e-06 3.064831e-01 2.298819e-03 7.852341e+03 1.187788e+20 9.274425e+19 2.484588e+19 1.940475e+17 6.812270e+14 1.107068e+18 nan
8.702000e+01 1.865067e+02 5.276017e-06 2.824608e-01 2.118636e-03 7.852062e+03 1.096934e+20 8.564107e+19 2.293298e+19 2.223960e+17 6.352451e+14 1.021460e+18 nan
8.748000e+01 1.861528e+02 4.871227e-06 2.602948e-01 1.952377e-03 7.851783e+03 1.012774e+20 7.906072e+19 2.115983e+19 2.524262e+17 5.929157e+14 9.420146e+17 nan
8.794000e+01 1.858244e+02 4.496465e-06 2.398454e-01 1.798993e-03 7.851503e+03 9.348577e+19 7.296789e+19 1.951708e+19 2.838709e+17 5.539245e+14 8.683474e+17 nan
8.840000e+01 1.855184e+02 4.149746e-06 2.209867e-01 1.657541e-03 7.851224e+03 8.627714e+19 6.733022e+19 1.799630e+19 3.164357e+17 5.180069e+14 8.000901e+17 nan
8.886000e+01 1.852321e+02 3.829113e-06 2.035973e-01 1.527109e-03 7.850945e+03 7.961089e+19 6.211581e+19 1.658922e+19 3.497816e+17 4.848990e+14 7.368975e+17 nan
8.932000e+01 1.849624e+02 3.532759e-06 1.875664e-01 1.406867e-03 7.850665e+03 7.344940e+19 5.729539e+19 1.528800e+19 3.835566e+17 4.543766e+14 6.784318e+17 nan
8.978000e+01 1.847065e+02 3.259006e-06 1.727925e-01 1.296054e-03 7.850386e+03 6.775782e+19 5.284201e+19 1.408531e+19 4.173850e+17 4.262224e+14 6.243714e+17 nan
9.024000e+01 1.844616e+02 3.006312e-06 1.591833e-01 1.193976e-03 7.850107e+03 6.250407e+19 4.873103e+19 1.297421e+19 4.508893e+17 4.002368e+14 5.744235e+17 nan
9.070000e+01 1.842249e+02 2.773149e-06 1.466490e-01 1.099961e-03 7.849828e+03 5.765639e+19 4.493778e+19 1.194810e+19 4.836885e+17 3.762454e+14 5.282934e+17 nan
9.116000e+01 1.839936e+02 2.558050e-06 1.351044e-01 1.013369e-03 7.849549e+03 5.318429e+19 4.143833e+19 1.100086e+19 5.154032e+17 3.540845e+14 4.857155e+17 nan
9.162000e+01 1.837650e+02 2.359670e-06 1.244720e-01 9.336193e-04 7.849270e+03 4.905977e+19 3.821089e+19 1.012673e+19 5.456755e+17 3.336035e+14 4.464354e+17 8.476970e+10
9.208000e+01 1.835365e+02 2.176748e-06 1.146802e-01 8.601742e-04 7.848991e+03 4.525666e+19 3.523499e+19 9.320402e+18 5.741518e+17 3.146687e+14 4.102197e+17 9.215545e+10
9.254000e+01 1.833054e+02 2.008077e-06 1.056606e-01 7.925218e-04 7.848712e+03 4.174982e+19 3.249102e+19 8.576745e+18 6.004938e+17 2.971498e+14 3.768387e+17 9.988923e+10
9.300000e+01 1.830690e+02 1.852581e-06 9.735303e-02 7.302098e-04 7.848433e+03 3.851691e+19 2.996163e+19 7.891126e+18 6.243918e+17 2.809350e+14 3.460855e+17 1.079709e+11
9.346000e+01 1.828247e+02 1.709229e-06 8.970006e-02 6.728076e-04 7.848154e+03 3.553649e+19 2.763018e+19 7.259114e+18 6.455453e+17 2.659210e+14 3.177616e+17 1.163991e+11
9.392000e+01 1.825700e+02 1.577083e-06 8.264978e-02 6.199260e-04 7.847875e+03 3.278906e+19 2.548146e+19 6.676740e+18 6.636846e+17 2.520134e+14 2.916884e+17 1.251746e+11
9.438000e+01 1.823044e+02 1.455231e-06 7.615292e-02 5.711954e-04 7.847596e+03 3.025562e+19 2.350084e+19 6.139946e+18 6.785472e+17 2.391179e+14 2.676884e+17 1.342967e+11
9.484000e+01 1.820350e+02 1.342775e-06 7.016423e-02 5.262765e-04 7.847317e+03 2.791757e+19 2.167426e+19 5.644588e+18 6.899396e+17 2.271481e+14 2.455395e+17 1.437802e+11
9.530000e+01 1.817703e+02 1.238890e-06 6.464177e-02 4.848544e-04 7.847038e+03 2.575769e+19 1.998810e+19 5.187227e+18 6.978843e+17 2.160177e+14 2.250555e+17 1.536850e+11
9.576000e+01 1.815191e+02 1.142842e-06 5.954785e-02 4.466468e-04 7.846760e+03 2.376076e+19 1.843024e+19 4.764908e+18 7.022466e+17 2.056539e+14 2.061168e+17 1.640286e+11
9.622000e+01 1.812899e+02 1.053995e-06 5.484914e-02 4.114035e-04 7.846481e+03 2.191356e+19 1.699035e+19 4.374916e+18 7.028933e+17 1.959896e+14 1.886133e+17 1.748231e+11
9.668000e+01 1.810910e+02 9.717988e-07 5.051621e-02 3.789038e-04 7.846202e+03 2.020462e+19 1.565945e+19 4.014860e+18 6.997785e+17 1.869674e+14 1.724458e+17 1.860856e+11
9.714000e+01 1.809308e+02 8.957238e-07 4.652048e-02 3.489333e-04 7.845923e+03 1.862294e+19 1.442897e+19 3.682429e+18 6.929145e+17 1.785321e+14 1.575224e+17 1.978333e+11
9.760000e+01 1.808177e+02 8.253045e-07 4.283638e-02 3.213002e-04 7.845645e+03 1.715886e+19 1.329127e+19 3.375578e+18 6.824267e+17 1.706355e+14 1.437566e+17 2.100837e+11
9.806000e+01 1.807600e+02 7.601236e-07 3.944066e-02 2.958301e-04 7.845366e+03 1.580369e+19 1.223948e+19 3.092453e+18 6.685427e+17 1.632336e+14 1.310696e+17 2.228594e+11
9.852000e+01 1.807661e+02 6.997917e-07 3.631144e-02 2.723589e-04 7.845087e+03 1.454933e+19 1.126711e+19 2.831330e+18 6.515980e+17 1.562878e+14 1.193872e+17 2.361844e+11
9.898000e+01 1.808446e+02 6.439607e-07 3.342893e-02 2.507383e-04 7.844809e+03 1.338855e+19 1.036836e+19 2.590606e+18 6.320378e+17 1.497627e+14 1.086391e+17 2.500842e+11
9.944000e+01 1.810042e+02 5.923144e-07 3.077503e-02 2.308323e-04 7.844530e+03 1.231478e+19 9.537905e+18 2.368826e+18 6.103617e+17 1.436258e+14 9.876123e+16 2.645861e+11
9.990000e+01 1.812538e+02 5.445541e-07 2.833255e-02 2.125122e-04 7.844252e+03 1.132179e+19 8.770679e+18 2.164594e+18 5.871174e+17 1.378445e+14 8.969316e+16 2.797170e+11
1.003600e+02 1.816028e+02 5.004112e-07 2.608597e-02 1.956614e-04 7.843973e+03 1.040402e+19 8.062095e+18 1.976666e+18 5.628699e+17 1.323948e+14 8.137757e+16 2.955102e+11
1.008200e+02 1.820609e+02 4.596365e-07 2.402086e-02 1.801718e-04 7.843695e+03 9.556277e+18 7.407924e+18 1.803862e+18 5.381372e+17 1.272498e+14 7.376026e+16 3.119948e+11
1.012800e+02 1.826384e+02 4.219993e-07 2.212388e-02 1.659432e-04 7.843416e+03 8.773764e+18 6.804270e+18 1.645080e+18 5.133859e+17 1.223865e+14 6.679151e+16 3.292072e+11
1.017400e+02 1.833463e+02 3.872781e-07 2.038227e-02 1.528800e-04 7.843138e+03 8.051878e+18 6.247401e+18 1.499290e+18 4.889929e+17 1.177833e+14 6.042330e+16 3.471758e+11
1.022000e+02 1.841964e+02 3.552673e-07 1.878425e-02 1.408938e-04 7.842860e+03 7.386343e+18 5.733887e+18 1.365533e+18 4.652555e+17 1.134204e+14 5.461090e+16 3.659367e+11
1.026600e+02 1.852014e+02 3.257771e-07 1.731899e-02 1.299034e-04 7.842581e+03 6.773215e+18 5.260617e+18 1.242912e+18 4.423736e+17 1.092775e+14 4.931247e+16 3.855174e+11
1.031200e+02 1.863753e+02 2.986257e-07 1.597618e-02 1.198316e-04 7.842303e+03 6.208710e+18 4.824608e+18 1.130600e+18 4.204775e+17 1.053391e+14 4.448840e+16 4.059524e+11
1.035800e+02 1.877335e+02 2.736414e-07 1.474624e-02 1.106062e-04 7.842025e+03 5.689263e+18 4.423099e+18 1.027805e+18 3.996241e+17 1.015879e+14 4.010134e+16 4.272692e+11
1.040400e+02 1.892929e+02 2.506636e-07 1.362019e-02 1.021601e-04 7.841746e+03 5.211533e+18 4.053519e+18 9.338246e+17 3.797396e+17 9.800650e+13 3.612250e+16 4.493991e+11
1.045000e+02 1.910718e+02 2.295430e-07 1.258978e-02 9.443137e-05 7.841468e+03 4.772416e+18 3.713494e+18 8.479992e+17 3.607570e+17 9.458184e+13 3.252136e+16 4.722462e+11
1.049600e+02 1.930779e+02 2.101510e-07 1.164720e-02 8.736143e-05 7.841190e+03 4.369239e+18 3.400993e+18 7.697303e+17 3.426713e+17 9.130580e+13 2.926696e+16 4.958256e+11
1.054200e+02 1.953103e+02 1.923735e-07 1.078519e-02 8.089583e-05 7.840912e+03 3.999628e+18 3.114236e+18 6.984651e+17 3.254764e+17 8.817358e+13 2.633072e+16 5.201818e+11
1.058800e+02 1.977686e+02 1.760985e-07 9.997020e-03 7.498402e-05 7.840634e+03 3.661255e+18 2.851469e+18 6.336787e+17 3.091475e+17 8.518267e+13 2.368534e+16 5.453602e+11
1.063400e+02 2.004528e+02 1.612157e-07 9.276346e-03 6.957851e-05 7.840356e+03 3.351827e+18 2.610962e+18 5.748576e+17 2.936523e+17 8.232728e+13 2.130515e+16 5.714106e+11
1.068000e+02 2.033631e+02 1.476188e-07 8.617301e-03 6.463525e-05 7.840077e+03 3.069134e+18 2.391044e+18 5.215132e+17 2.789522e+17 7.960229e+13 1.916571e+16 5.983738e+11
1.072600e+02 2.065002e+02 1.352063e-07 8.014473e-03 6.011366e-05 7.839799e+03 2.811068e+18 2.190124e+18 4.731779e+17 2.650110e+17 7.697608e+13 1.724445e+16 6.263040e+11
1.077200e+02 2.098644e+02 1.238836e-07 7.462941e-03 5.597681e-05 7.839521e+03 2.575657e+18 2.006703e+18 4.294234e+17 2.517891e+17 7.441838e+13 1.552055e+16 6.552481e+11
1.081800e+02 2.134564e+02 1.135601e-07 6.958131e-03 5.219041e-05 7.839243e+03 2.361023e+18 1.839357e+18 3.898405e+17 2.392521e+17 7.193097e+13 1.397467e+16 6.852645e+11
1.086400e+02 2.172760e+02 1.041525e-07 6.495893e-03 4.872334e-05 7.838965e+03 2.165429e+18 1.686760e+18 3.540541e+17 2.273648e+17 6.951570e+13 1.258912e+16 7.164058e+11
1.091000e+02 2.213228e+02 9.558190e-08 6.072387e-03 4.554677e-05 7.838687e+03 1.987238e+18 1.547665e+18 3.217118e+17 2.160959e+17 6.717351e+13 1.134773e+16 7.487285e+11
1.095600e+02 2.255956e+02 8.777553e-08 5.684098e-03 4.263436e-05 7.838410e+03 1.824936e+18 1.420908e+18 2.924948e+17 2.054162e+17 6.490554e+13 1.023573e+16 7.822949e+11
1.100200e+02 2.300919e+02 8.066706e-08 5.327889e-03 3.996256e-05 7.838132e+03 1.677145e+18 1.305434e+18 2.661079e+17 1.952987e+17 6.271252e+13 9.239831e+15 8.171719e+11
1.104800e+02 2.348080e+02 7.419438e-08 5.000822e-03 3.750936e-05 7.837854e+03 1.542571e+18 1.200249e+18 2.422804e+17 1.857196e+17 6.059501e+13 8.347977e+15 8.534317e+11
1.109400e+02 2.397383e+02 6.830218e-08 4.700342e-03 3.525556e-05 7.837576e+03 1.420067e+18 1.104469e+18 2.207703e+17 1.766559e+17 5.855359e+13 7.549332e+15 8.911559e+11
1.114000e+02 2.448750e+02 6.293710e-08 4.423935e-03 3.318233e-05 7.837298e+03 1.308522e+18 1.017234e+18 2.013494e+17 1.680830e+17 5.658855e+13 6.834018e+15 9.304246e+11
1.118600e+02 2.502081e+02 5.805291e-08 4.169488e-03 3.127382e-05 7.837021e+03 1.206975e+18 9.378034e+17 1.838175e+17 1.599828e+17 5.470043e+13 6.193319e+15 9.713441e+11
1.123200e+02 2.557242e+02 5.360643e-08 3.935014e-03 2.951511e-05 7.836743e+03 1.114528e+18 8.654804e+17 1.679905e+17 1.523364e+17 5.288961e+13 5.619315e+15 1.014030e+12
1.127800e+02 2.614066e+02 4.955771e-08 3.718650e-03 2.789224e-05 7.836465e+03 1.030352e+18 7.996199e+17 1.536997e+17 1.451248e+17 5.115604e+13 5.104917e+15 1.058596e+12
1.132400e+02 2.672343e+02 4.587172e-08 3.518802e-03 2.639325e-05 7.836187e+03 9.537163e+17 7.396572e+17 1.407966e+17 1.383317e+17 4.950069e+13 4.643827e+15 1.105205e+12
1.137000e+02 2.731819e+02 4.251596e-08 3.333968e-03 2.500689e-05 7.835910e+03 8.839470e+17 6.850653e+17 1.291459e+17 1.319410e+17 4.792388e+13 4.230442e+15 1.154019e+12
1.141600e+02 2.792187e+02 3.946093e-08 3.162782e-03 2.372288e-05 7.835632e+03 8.204299e+17 6.353661e+17 1.186241e+17 1.259385e+17 4.642615e+13 3.859644e+15 1.205239e+12
1.146200e+02 2.853082e+02 3.668013e-08 3.004018e-03 2.253205e-05 7.835355e+03 7.626146e+17 5.901299e+17 1.091222e+17 1.203086e+17 4.500805e+13 3.527010e+15 1.259086e+12
1.150800e+02 2.914166e+02 3.414834e-08 2.856547e-03 2.142592e-05 7.835077e+03 7.099762e+17 5.489459e+17 1.005380e+17 1.150359e+17 4.366938e+13 3.228388e+15 1.315800e+12
1.155400e+02 2.975315e+02 3.184002e-08 2.719342e-03 2.039680e-05 7.834800e+03 6.619842e+17 5.114010e+17 9.277102e+16 1.100936e+17 4.240552e+13 2.959895e+15 1.375507e+12
1.160000e+02 3.036458e+02 2.973243e-08 2.591524e-03 1.943808e-05 7.834522e+03 6.181654e+17 4.771249e+17 8.573326e+16 1.054582e+17 4.121233e+13 2.718065e+15 1.438336e+12
1.164600e+02 3.097516e+02 2.780479e-08 2.472240e-03 1.854337e-05 7.834245e+03 5.780878e+17 4.457791e+17 7.934568e+16 1.011056e+17 4.008540e+13 2.499857e+15 1.504405e+12
1.169200e+02 3.158417e+02 2.603917e-08 2.360773e-03 1.770730e-05 7.833967e+03 5.413789e+17 4.170726e+17 7.353937e+16 9.701555e+16 3.902044e+13 2.302668e+15 1.573844e+12
1.173800e+02 3.219090e+02 2.441966e-08 2.256474e-03 1.692499e-05 7.833690e+03 5.077078e+17 3.907467e+17 6.825374e+16 9.316878e+16 3.801344e+13 2.124167e+15 1.646793e+12
1.178400e+02 3.279466e+02 2.293188e-08 2.158740e-03 1.619193e-05 7.833412e+03 4.767755e+17 3.665673e+17 6.343431e+16 8.954825e+16 3.705467e+13 1.962308e+15 1.723380e+12
1.183000e+02 3.339477e+02 2.156316e-08 2.067038e-03 1.550410e-05 7.833135e+03 4.483184e+17 3.443270e+17 5.903405e+16 8.613786e+16 3.614081e+13 1.815326e+15 1.803748e+12
1.187600e+02 3.399063e+02 2.030211e-08 1.980879e-03 1.485785e-05 7.832858e+03 4.221001e+17 3.238417e+17 5.501002e+16 8.292234e+16 3.526933e+13 1.681618e+15 1.888040e+12
1.192200e+02 3.458164e+02 1.913878e-08 1.899841e-03 1.425002e-05 7.832580e+03 3.979133e+17 3.049486e+17 5.132510e+16 7.988879e+16 3.443821e+13 1.559807e+15 1.976402e+12
1.196800e+02 3.516730e+02 1.806395e-08 1.823515e-03 1.367752e-05 7.832303e+03 3.755666e+17 2.874970e+17 4.794596e+16 7.702450e+16 3.364521e+13 1.448666e+15 2.068974e+12
1.201400e+02 3.574717e+02 1.706931e-08 1.751521e-03 1.313752e-05 7.832026e+03 3.548872e+17 2.713515e+17 4.484216e+16 7.431707e+16 3.288824e+13 1.347099e+15 2.165892e+12
1.206000e+02 3.632087e+02 1.614781e-08 1.683556e-03 1.262774e-05 7.831749e+03 3.357283e+17 2.563967e+17 4.198819e+16 7.175643e+16 3.216549e+13 1.254147e+15 2.267324e+12
1.210600e+02 3.688808e+02 1.529293e-08 1.619326e-03 1.214598e-05 7.831472e+03 3.179545e+17 2.425264e+17 3.936065e+16 6.933224e+16 3.147499e+13 1.168952e+15 2.373407e+12
1.215200e+02 3.744859e+02 1.449876e-08 1.558562e-03 1.169020e-05 7.831194e+03 3.014430e+17 2.296437e+17 3.693879e+16 6.703543e+16 3.081494e+13 1.090759e+15 2.484305e+12
1.219800e+02 3.800227e+02 1.375990e-08 1.501006e-03 1.125850e-05 7.830917e+03 2.860814e+17 2.176609e+17 3.470284e+16 6.485697e+16 3.018357e+13 1.018880e+15 2.600131e+12
1.224400e+02 3.854908e+02 1.307164e-08 1.446444e-03 1.084925e-05 7.830640e+03 2.717718e+17 2.065013e+17 3.263588e+16 6.278938e+16 2.957916e+13 9.527262e+14 2.721054e+12
1.229000e+02 3.908908e+02 1.242963e-08 1.394669e-03 1.046090e-05 7.830363e+03 2.584237e+17 1.960944e+17 3.072254e+16 6.082444e+16 2.900006e+13 8.918249e+14 2.847182e+12
1.233600e+02 3.962245e+02 1.182998e-08 1.345497e-03 1.009208e-05 7.830086e+03 2.459564e+17 1.863767e+17 2.894895e+16 5.895583e+16 2.844476e+13 8.356796e+14 2.978672e+12
1.238200e+02 4.014944e+02 1.126902e-08 1.298743e-03 9.741397e-06 7.829809e+03 2.342935e+17 1.772894e+17 2.730265e+16 5.717451e+16 2.791166e+13 7.838375e+14 3.115416e+12
1.242800e+02 4.067047e+02 1.074345e-08 1.254240e-03 9.407600e-06 7.829532e+03 2.233666e+17 1.687808e+17 2.577223e+16 5.547084e+16 2.739927e+13 7.359090e+14 3.257351e+12
1.247400e+02 4.118603e+02 1.025043e-08 1.211852e-03 9.089666e-06 7.829255e+03 2.131162e+17 1.608036e+17 2.434801e+16 5.384008e+16 2.690612e+13 6.915305e+14 3.404550e+12
1.252000e+02 4.169673e+02 9.787303e-09 1.171447e-03 8.786596e-06 7.828978e+03 2.034873e+17 1.533149e+17 2.302064e+16 5.227734e+16 2.643089e+13 6.503827e+14 3.557045e+12
1.256600e+02 4.220292e+02 9.351673e-09 1.132894e-03 8.497429e-06 7.828701e+03 1.944301e+17 1.462756e+17 2.178202e+16 5.077821e+16 2.597245e+13 6.121836e+14 3.714901e+12
1.261200e+02 4.270466e+02 8.941608e-09 1.096096e-03 8.221415e-06 7.828425e+03 1.859045e+17 1.396537e+17 2.062515e+16 4.933997e+16 2.552986e+13 5.766835e+14 3.878209e+12
1.265800e+02 4.320198e+02 8.555166e-09 1.060937e-03 7.957704e-06 7.828148e+03 1.778700e+17 1.334177e+17 1.954358e+16 4.795873e+16 2.510241e+13 5.436586e+14 4.047052e+12
1.270400e+02 4.369492e+02 8.190702e-09 1.027329e-03 7.705623e-06 7.827871e+03 1.702924e+17 1.275403e+17 1.853153e+16 4.663200e+16 2.468933e+13 5.129005e+14 4.221522e+12
1.275000e+02 4.418354e+02 7.846665e-09 9.951834e-04 7.464510e-06 7.827594e+03 1.631396e+17 1.219963e+17 1.758361e+16 4.535685e+16 2.428991e+13 4.842316e+14 4.401692e+12
1.279600e+02 4.466786e+02 7.521636e-09 9.644172e-04 7.233744e-06 7.827318e+03 1.563819e+17 1.167624e+17 1.669502e+16 4.413076e+16 2.390354e+13 4.574831e+14 4.587648e+12
1.284200e+02 4.514791e+02 7.214276e-09 9.349491e-04 7.012714e-06 7.827041e+03 1.499916e+17 1.118164e+17 1.586136e+16 4.295133e+16 2.352960e+13 4.325035e+14 4.779456e+12
1.288800e+02 4.562376e+02 6.923437e-09 9.067141e-04 6.800934e-06 7.826764e+03 1.439448e+17 1.071399e+17 1.507846e+16 4.181632e+16 2.316751e+13 4.091543e+14 4.977219e+12
1.293400e+02 4.609542e+02 6.648000e-09 8.796427e-04 6.597881e-06 7.826488e+03 1.382182e+17 1.027144e+17 1.434275e+16 4.072347e+16 2.281667e+13 3.873114e+14 5.180958e+12
1.298000e+02 4.656295e+02 6.386945e-09 8.536722e-04 6.403086e-06 7.826211e+03 1.327906e+17 9.852304e+16 1.365088e+16 3.967078e+16 2.247661e+13 3.668593e+14 5.390809e+12
1.302600e+02 4.702634e+02 6.139369e-09 8.287480e-04 6.216138e-06 7.825934e+03 1.276433e+17 9.455119e+16 1.299965e+16 3.865659e+16 2.214689e+13 3.476947e+14 5.606785e+12
1.307200e+02 4.748569e+02 5.904373e-09 8.048113e-04 6.036598e-06 7.825658e+03 1.227575e+17 9.078406e+16 1.238629e+16 3.767878e+16 2.182699e+13 3.297234e+14 5.828985e+12
1.311800e+02 4.794099e+02 5.681190e-09 7.818147e-04 5.864109e-06 7.825381e+03 1.181173e+17 8.720915e+16 1.180810e+16 3.673589e+16 2.151657e+13 3.128584e+14 6.057453e+12
1.316400e+02 4.839230e+02 5.469074e-09 7.597095e-04 5.698305e-06 7.825105e+03 1.137072e+17 8.381408e+16 1.126281e+16 3.582633e+16 2.121515e+13 2.970160e+14 6.292264e+12
1.321000e+02 4.883964e+02 5.267343e-09 7.384507e-04 5.538851e-06 7.824828e+03 1.095130e+17 8.058780e+16 1.074806e+16 3.494863e+16 2.092239e+13 2.821287e+14 6.533464e+12
1.325600e+02 4.928305e+02 5.075366e-09 7.179967e-04 5.385433e-06 7.824552e+03 1.055217e+17 7.751998e+16 1.026197e+16 3.410114e+16 2.063791e+13 2.681255e+14 6.781098e+12
1.330200e+02 4.972259e+02 4.892568e-09 6.983097e-04 5.237768e-06 7.824275e+03 1.017211e+17 7.460126e+16 9.802481e+15 3.328279e+16 2.036143e+13 2.549463e+14 7.035224e+12
1.334800e+02 5.015824e+02 4.718419e-09 6.793542e-04 5.095590e-06 7.823999e+03 9.810039e+16 7.182280e+16 9.367990e+15 3.249247e+16 2.009251e+13 2.425332e+14 7.295875e+12
1.339400e+02 5.059008e+02 4.552360e-09 6.610884e-04 4.958585e-06 7.823723e+03 9.464787e+16 6.917565e+16 8.956805e+15 3.172837e+16 1.983100e+13 2.308358e+14 7.563095e+12
1.344000e+02 5.101814e+02 4.393979e-09 6.434875e-04 4.826566e-06 7.823446e+03 9.135497e+16 6.665290e+16 8.567511e+15 3.098998e+16 1.957644e+13 2.198036e+14 7.836935e+12
1.348600e+02 5.144244e+02 4.242808e-09 6.265165e-04 4.699273e-06 7.823170e+03 8.821198e+16 6.424705e+16 8.198656e+15 3.027589e+16 1.932870e+13 2.093942e+14 8.117395e+12
1.353200e+02 5.186302e+02 4.098445e-09 6.101470e-04 4.576491e-06 7.822894e+03 8.521054e+16 6.195133e+16 7.849054e+15 2.958521e+16 1.908737e+13 1.995665e+14 8.404528e+12
1.357800e+02 5.227991e+02 3.960533e-09 5.943551e-04 4.458042e-06 7.822618e+03 8.234322e+16 5.976017e+16 7.517479e+15 2.891689e+16 1.885243e+13 1.902819e+14 8.698343e+12
1.362400e+02 5.269314e+02 3.828678e-09 5.791092e-04 4.343688e-06 7.822341e+03 7.960184e+16 5.766693e+16 7.202762e+15 2.827011e+16 1.862342e+13 1.815053e+14 8.998852e+12
1.367000e+02 5.310274e+02 3.702568e-09 5.643877e-04 4.233268e-06 7.822065e+03 7.697989e+16 5.566655e+16 6.903988e+15 2.764392e+16 1.840021e+13 1.732043e+14 9.306071e+12
1.371600e+02 5.350876e+02 3.581907e-09 5.501698e-04 4.126624e-06 7.821789e+03 7.447123e+16 5.375424e+16 6.620185e+15 2.703748e+16 1.818257e+13 1.653491e+14 9.620002e+12
1.376200e+02 5.391121e+02 3.466390e-09 5.364312e-04 4.023575e-06 7.821513e+03 7.206951e+16 5.192495e+16 6.350457e+15 2.645016e+16 1.797034e+13 1.579114e+14 9.940653e+12
1.380800e+02 5.431016e+02 3.355741e-09 5.231510e-04 3.923965e-06 7.821237e+03 6.976903e+16 5.017428e+16 6.094010e+15 2.588087e+16 1.776327e+13 1.508660e+14 1.026804e+13
1.385400e+02 5.470558e+02 3.249720e-09 5.103112e-04 3.827659e-06 7.820961e+03 6.756474e+16 4.849817e+16 5.850083e+15 2.532925e+16 1.756123e+13 1.441889e+14 1.060206e+13
1.390000e+02 5.509756e+02 3.148083e-09 4.978931e-04 3.734515e-06 7.820685e+03 6.545163e+16 4.689274e+16 5.617978e+15 2.479440e+16 1.736401e+13 1.378568e+14 1.094277e+13
1.394600e+02 5.548611e+02 3.050601e-09 4.858780e-04 3.644395e-06 7.820409e+03 6.342489e+16 4.535420e+16 5.396965e+15 2.427580e+16 1.717143e+13 1.318492e+14 1.129017e+13
1.399200e+02 5.587123e+02 2.957084e-09 4.742523e-04 3.557195e-06 7.820133e+03 6.148057e+16 4.387951e+16 5.186465e+15 2.377285e+16 1.698334e+13 1.261477e+14 1.164410e+13
1.403800e+02 5.625300e+02 2.867294e-09 4.629942e-04 3.472751e-06 7.819857e+03 5.961376e+16 4.246478e+16 4.985870e+15 2.328468e+16 1.679959e+13 1.207333e+14 1.200465e+13
1.408400e+02 5.663141e+02 2.781089e-09 4.520951e-04 3.391001e-06 7.819581e+03 5.782147e+16 4.110766e+16 4.794654e+15 2.281111e+16 1.662006e+13 1.155895e+14 1.237171e+13
1.413000e+02 5.700651e+02 2.698266e-09 4.415367e-04 3.311806e-06 7.819305e+03 5.609951e+16 3.980500e+16 4.612247e+15 2.235125e+16 1.644458e+13 1.107019e+14 1.274524e+13
1.417600e+02 5.737833e+02 2.618672e-09 4.313070e-04 3.235077e-06 7.819029e+03 5.444466e+16 3.855410e+16 4.438225e+15 2.190488e+16 1.627302e+13 1.060575e+14 1.312519e+13
1.422200e+02 5.774691e+02 2.542142e-09 4.213918e-04 3.160707e-06 7.818754e+03 5.285355e+16 3.735245e+16 4.272083e+15 2.147133e+16 1.610525e+13 1.016421e+14 1.351144e+13
1.426800e+02 5.811223e+02 2.468542e-09 4.117804e-04 3.088616e-06 7.818478e+03 5.132333e+16 3.619782e+16 4.113438e+15 2.105015e+16 1.594116e+13 9.744323e+13 1.390397e+13
1.431400e+02 5.847439e+02 2.397724e-09 4.024597e-04 3.018704e-06 7.818202e+03 4.985095e+16 3.508779e+16 3.961870e+15 2.064091e+16 1.578060e+13 9.344764e+13 1.430265e+13
1.436000e+02 5.883336e+02 2.329565e-09 3.934197e-04 2.950899e-06 7.817926e+03 4.843387e+16 3.402041e+16 3.817027e+15 2.024320e+16 1.562353e+13 8.964435e+13 1.470716e+13
1.440600e+02 5.918920e+02 2.263920e-09 3.846459e-04 2.885090e-06 7.817651e+03 4.706904e+16 3.299350e+16 3.678527e+15 1.985607e+16 1.546977e+13 8.602231e+13 1.511707e+13
1.445200e+02 5.954192e+02 2.200679e-09 3.761293e-04 2.821209e-06 7.817375e+03 4.575420e+16 3.200530e+16 3.546083e+15 1.947911e+16 1.531925e+13 8.257219e+13 1.553228e+13
1.449800e+02 5.989155e+02 2.139735e-09 3.678605e-04 2.759188e-06 7.817099e+03 4.448712e+16 3.105413e+16 3.419369e+15 1.911191e+16 1.517184e+13 7.928365e+13 1.595251e+13
1.454400e+02 6.023813e+02 2.080969e-09 3.598277e-04 2.698937e-06 7.816824e+03 4.326531e+16 3.013792e+16 3.298078e+15 1.875423e+16 1.502748e+13 7.614821e+13 1.637775e+13
1.459000e+02 6.058167e+02 2.024297e-09 3.520245e-04 2.640408e-06 7.816548e+03 4.208704e+16 2.925541e+16 3.181937e+15 1.840568e+16 1.488608e+13 7.315793e+13 1.680775e+13
1.463600e+02 6.092222e+02 1.969621e-09 3.444419e-04 2.583533e-06 7.816272e+03 4.095028e+16 2.840496e+16 3.070721e+15 1.806597e+16 1.474752e+13 7.030499e+13 1.724234e+13
1.468200e+02 6.125980e+02 1.916858e-09 3.370723e-04 2.528257e-06 7.815997e+03 3.985329e+16 2.758522e+16 2.964138e+15 1.773490e+16 1.461173e+13 6.758134e+13 1.768132e+13
1.472800e+02 6.159441e+02 1.865921e-09 3.299073e-04 2.474515e-06 7.815721e+03 3.879425e+16 2.679471e+16 2.862003e+15 1.741213e+16 1.447865e+13 6.498094e+13 1.812445e+13
1.477400e+02 6.192610e+02 1.816739e-09 3.229414e-04 2.422266e-06 7.815446e+03 3.777171e+16 2.603243e+16 2.764073e+15 1.709732e+16 1.434818e+13 6.249707e+13 1.857158e+13
1.482000e+02 6.225490e+02 1.769227e-09 3.161656e-04 2.371443e-06 7.815171e+03 3.678390e+16 2.529682e+16 2.670154e+15 1.679036e+16 1.422023e+13 6.012390e+13 1.902250e+13
1.486600e+02 6.258082e+02 1.723325e-09 3.095751e-04 2.322010e-06 7.814895e+03 3.582956e+16 2.458700e+16 2.580058e+15 1.649095e+16 1.409476e+13 5.785528e+13 1.947700e+13
1.491200e+02 6.290389e+02 1.678959e-09 3.031622e-04 2.273910e-06 7.814620e+03 3.490714e+16 2.390175e+16 2.493593e+15 1.619879e+16 1.397167e+13 5.568626e+13 1.993472e+13
1.495800e+02 6.322415e+02 1.636064e-09 2.969209e-04 2.227096e-06 7.814344e+03 3.401532e+16 2.323999e+16 2.410591e+15 1.591373e+16 1.385093e+13 5.361177e+13 2.039561e+13
1.500400e+02 6.354161e+02 1.594587e-09 2.908466e-04 2.181535e-06 7.814069e+03 3.315298e+16 2.260089e+16 2.330888e+15 1.563555e+16 1.373245e+13 5.162702e+13 2.085929e+13
1.505000e+02 6.385630e+02 1.554468e-09 2.849333e-04 2.137181e-06 7.813794e+03 3.231886e+16 2.198346e+16 2.254344e+15 1.536398e+16 1.361615e+13 4.972711e+13 2.132562e+13
1.509600e+02 6.416824e+02 1.515647e-09 2.791744e-04 2.093986e-06 7.813518e+03 3.151173e+16 2.138671e+16 2.180784e+15 1.509889e+16 1.350202e+13 4.790856e+13 2.179419e+13
1.514200e+02 6.447745e+02 1.478076e-09 2.735659e-04 2.051919e-06 7.813243e+03 3.073059e+16 2.080990e+16 2.110102e+15 1.483998e+16 1.338997e+13 4.616678e+13 2.226485e+13
1.518800e+02 6.478397e+02 1.441705e-09 2.681028e-04 2.010942e-06 7.812968e+03 2.997440e+16 2.025220e+16 2.042139e+15 1.458717e+16 1.327992e+13 4.449849e+13 2.273733e+13
1.523400e+02 6.508781e+02 1.406488e-09 2.627806e-04 1.971022e-06 7.812693e+03 2.924222e+16 1.971288e+16 1.976784e+15 1.434024e+16 1.317188e+13 4.289960e+13 2.321131e+13
1.528000e+02 6.538900e+02 1.372376e-09 2.575937e-04 1.932117e-06 7.812418e+03 2.853299e+16 1.919109e+16 1.913925e+15 1.409901e+16 1.306572e+13 4.136720e+13 2.368656e+13
1.532600e+02 6.568756e+02 1.339330e-09 2.525389e-04 1.894203e-06 7.812143e+03 2.784594e+16 1.868626e+16 1.853454e+15 1.386332e+16 1.296146e+13 3.989807e+13 2.416275e+13
1.537200e+02 6.598353e+02 1.307307e-09 2.476114e-04 1.857243e-06 7.811867e+03 2.718015e+16 1.819767e+16 1.795261e+15 1.363296e+16 1.285905e+13 3.848915e+13 2.463960e+13
1.541800e+02 6.627690e+02 1.276268e-09 2.428072e-04 1.821209e-06 7.811592e+03 2.653481e+16 1.772466e+16 1.739230e+15 1.340789e+16 1.275837e+13 3.713728e+13 2.511686e+13
1.546400e+02 6.656772e+02 1.246175e-09 2.381223e-04 1.786069e-06 7.811317e+03 2.590915e+16 1.726666e+16 1.685278e+15 1.318785e+16 1.265943e+13 3.584031e+13 2.559420e+13
1.551000e+02 6.685601e+02 1.216996e-09 2.335539e-04 1.751803e-06 7.811042e+03 2.530249e+16 1.682319e+16 1.633329e+15 1.297266e+16 1.256220e+13 3.459548e+13 2.607131e+13
1.555600e+02 6.714177e+02 1.188693e-09 2.290973e-04 1.718376e-06 7.810767e+03 2.471404e+16 1.639353e+16 1.583275e+15 1.276233e+16 1.246660e+13 3.340035e+13 2.654796e+13
1.560200e+02 6.742506e+02 1.161232e-09 2.247490e-04 1.685760e-06 7.810492e+03 2.414310e+16 1.597718e+16 1.535045e+15 1.255662e+16 1.237261e+13 3.225246e+13 2.702377e+13
1.564800e+02 6.770586e+02 1.134588e-09 2.205069e-04 1.653942e-06 7.810218e+03 2.358917e+16 1.557379e+16 1.488569e+15 1.235537e+16 1.228017e+13 3.114999e+13 2.749849e+13
1.569400e+02 6.798424e+02 1.108726e-09 2.163666e-04 1.622887e-06 7.809943e+03 2.305147e+16 1.518273e+16 1.443747e+15 1.215855e+16 1.218927e+13 3.009081e+13 2.797182e+13
1.574000e+02 6.826017e+02 1.083622e-09 2.123259e-04 1.592579e-06 7.809668e+03 2.252954e+16 1.480362e+16 1.400541e+15 1.196600e+16 1.209984e+13 2.907295e+13 2.844340e+13
1.578600e+02 6.853370e+02 1.059245e-09 2.083810e-04 1.562990e-06 7.809393e+03 2.202270e+16 1.443598e+16 1.358863e+15 1.177754e+16 1.201190e+13 2.809428e+13 2.891306e+13
1.583200e+02 6.880486e+02 1.035569e-09 2.045294e-04 1.534101e-06 7.809118e+03 2.153046e+16 1.407936e+16 1.318653e+15 1.159317e+16 1.192535e+13 2.715355e+13 2.938035e+13
1.587800e+02 6.907365e+02 1.012571e-09 2.007684e-04 1.505891e-06 7.808843e+03 2.105231e+16 1.373345e+16 1.279858e+15 1.141265e+16 1.184017e+13 2.624873e+13 2.984506e+13
1.592400e+02 6.934010e+02 9.902266e-10 1.970954e-04 1.478341e-06 7.808569e+03 2.058775e+16 1.339781e+16 1.242416e+15 1.123596e+16 1.175636e+13 2.537850e+13 3.030687e+13
1.597000e+02 6.960422e+02 9.685132e-10 1.935079e-04 1.451432e-06 7.808294e+03 2.013630e+16 1.307210e+16 1.206271e+15 1.106296e+16 1.167385e+13 2.454116e+13 3.076551e+13
1.601600e+02 6.986606e+02 9.474078e-10 1.900031e-04 1.425145e-06 7.808019e+03 1.969751e+16 1.275593e+16 1.171362e+15 1.089359e+16 1.159268e+13 2.373523e+13 3.122064e+13
1.606200e+02 7.012561e+02 9.268910e-10 1.865791e-04 1.399462e-06 7.807745e+03 1.927094e+16 1.244899e+16 1.137664e+15 1.072773e+16 1.151273e+13 2.295965e+13 3.167197e+13
1.610800e+02 7.038290e+02 9.069405e-10 1.832329e-04 1.374364e-06 7.807470e+03 1.885615e+16 1.215096e+16 1.105100e+15 1.056524e+16 1.143401e+13 2.221279e+13 3.211935e+13
1.615400e+02 7.063794e+02 8.875403e-10 1.799632e-04 1.349838e-06 7.807195e+03 1.845280e+16 1.186151e+16 1.073643e+15 1.040615e+16 1.135650e+13 2.149371e+13 3.256234e+13
1.620000e+02 7.089078e+02 8.686672e-10 1.767668e-04 1.325864e-06 7.806921e+03 1.806041e+16 1.158034e+16 1.043243e+15 1.025023e+16 1.128016e+13 2.080108e+13 3.300075e+13
1.624600e+02 7.114142e+02 8.503058e-10 1.736422e-04 1.302427e-06 7.806646e+03 1.767866e+16 1.130720e+16 1.013860e+15 1.009743e+16 1.120495e+13 2.013380e+13 3.343427e+13
1.629200e+02 7.138988e+02 8.324419e-10 1.705879e-04 1.279518e-06 7.806372e+03 1.730725e+16 1.104182e+16 9.854567e+14 9.947753e+15 1.113091e+13 1.949088e+13 3.386268e+13
1.633800e+02 7.163617e+02 8.150546e-10 1.676010e-04 1.257114e-06 7.806097e+03 1.694575e+16 1.078386e+16 9.579879e+14 9.801083e+15 1.105793e+13 1.887127e+13 3.428566e+13
1.638400e+02 7.188032e+02 7.981287e-10 1.646799e-04 1.235204e-06 7.805823e+03 1.659385e+16 1.053313e+16 9.314265e+14 9.657272e+15 1.098606e+13 1.827396e+13 3.470305e+13
1.643000e+02 7.212235e+02 7.816520e-10 1.618232e-04 1.213777e-06 7.805548e+03 1.625128e+16 1.028940e+16 9.057320e+14 9.516325e+15 1.091518e+13 1.769814e+13 3.511450e+13
1.647600e+02 7.236227e+02 7.656083e-10 1.590290e-04 1.192819e-06 7.805274e+03 1.591772e+16 1.005241e+16 8.808726e+14 9.378171e+15 1.084539e+13 1.714286e+13 3.551994e+13
1.652200e+02 7.260011e+02 7.499840e-10 1.562956e-04 1.172317e-06 7.805000e+03 1.559288e+16 9.821969e+15 8.568144e+14 9.242671e+15 1.077657e+13 1.660728e+13 3.591887e+13
1.656800e+02 7.283588e+02 7.347615e-10 1.536205e-04 1.152252e-06 7.804725e+03 1.527639e+16 9.597778e+15 8.335318e+14 9.109763e+15 1.070873e+13 1.609065e+13 3.631139e+13
1.661400e+02 7.306960e+02 7.199335e-10 1.510034e-04 1.132622e-06 7.804451e+03 1.496810e+16 9.379706e+15 8.109965e+14 8.979455e+15 1.064187e+13 1.559218e+13 3.669706e+13
1.666000e+02 7.330131e+02 7.054878e-10 1.484427e-04 1.113415e-06 7.804177e+03 1.466776e+16 9.167567e+15 7.891756e+14 8.851683e+15 1.057595e+13 1.511111e+13 3.707579e+13
1.670600e+02 7.353098e+02 6.914070e-10 1.459357e-04 1.094611e-06 7.803902e+03 1.437501e+16 8.961109e+15 7.680440e+14 8.726289e+15 1.051095e+13 1.464685e+13 3.744726e+13
1.675200e+02 7.375867e+02 6.776838e-10 1.434821e-04 1.076207e-06 7.803628e+03 1.408969e+16 8.760191e+15 7.475797e+14 8.603284e+15 1.044685e+13 1.419866e+13 3.781136e+13
1.679800e+02 7.398438e+02 6.643071e-10 1.410803e-04 1.058192e-06 7.803354e+03 1.381157e+16 8.564644e+15 7.277509e+14 8.482611e+15 1.038364e+13 1.376591e+13 3.816794e+13
1.684400e+02 7.420812e+02 6.512639e-10 1.387286e-04 1.040553e-06 7.803080e+03 1.354039e+16 8.374272e+15 7.085465e+14 8.364154e+15 1.032130e+13 1.334805e+13 3.851684e+13
1.689000e+02 7.442992e+02 6.385462e-10 1.364261e-04 1.023282e-06 7.802806e+03 1.327598e+16 8.188919e+15 6.899310e+14 8.247955e+15 1.025980e+13 1.294449e+13 3.885777e+13
1.693600e+02 7.464980e+02 6.261432e-10 1.341714e-04 1.006371e-06 7.802532e+03 1.301811e+16 8.008435e+15 6.718893e+14 8.133900e+15 1.019912e+13 1.255462e+13 3.919074e+13
1.698200e+02 7.486777e+02 6.140437e-10 1.319629e-04 9.898056e-07 7.802258e+03 1.276655e+16 7.832644e+15 6.544042e+14 8.021912e+15 1.013927e+13 1.217792e+13 3.951547e+13
1.702800e+02 7.508384e+02 6.022415e-10 1.298000e-04 9.735827e-07 7.801983e+03 1.252117e+16 7.661440e+15 6.374467e+14 7.912003e+15 1.008021e+13 1.181395e+13 3.983200e+13
1.707400e+02 7.529805e+02 5.907239e-10 1.276809e-04 9.576878e-07 7.801709e+03 1.228171e+16 7.494624e+15 6.210060e+14 7.804067e+15 1.002194e+13 1.146221e+13 4.014000e+13
1.712000e+02 7.551039e+02 5.794865e-10 1.256052e-04 9.421190e-07 7.801435e+03 1.204807e+16 7.332129e+15 6.050645e+14 7.698091e+15 9.964446e+12 1.112216e+13 4.043951e+13
1.716600e+02 7.572090e+02 5.685183e-10 1.235713e-04 9.268638e-07 7.801162e+03 1.182003e+16 7.173771e+15 5.896007e+14 7.594029e+15 9.907676e+12 1.079346e+13 4.073045e+13
1.721200e+02 7.592957e+02 5.578138e-10 1.215788e-04 9.119182e-07 7.800888e+03 1.159748e+16 7.019458e+15 5.745943e+14 7.491870e+15 9.851656e+12 1.047564e+13 4.101251e+13
1.725800e+02 7.613644e+02 5.473622e-10 1.196258e-04 8.972698e-07 7.800614e+03 1.138018e+16 6.869046e+15 5.600386e+14 7.391486e+15 9.796352e+12 1.016829e+13 4.128584e+13
1.730400e+02 7.634151e+02 5.371583e-10 1.177120e-04 8.829147e-07 7.800340e+03 1.116803e+16 6.722450e+15 5.459122e+14 7.292868e+15 9.741770e+12 9.871033e+12 4.155023e+13
1.735000e+02 7.654481e+02 5.271941e-10 1.158361e-04 8.688444e-07 7.800066e+03 1.096086e+16 6.579508e+15 5.321989e+14 7.196029e+15 9.687862e+12 9.583490e+12 4.180569e+13
1.739600e+02 7.674634e+02 5.174624e-10 1.139972e-04 8.550513e-07 7.799792e+03 1.075853e+16 6.440143e+15 5.188892e+14 7.100854e+15 9.634670e+12 9.305296e+12 4.205221e+13
1.744200e+02 7.694613e+02 5.079568e-10 1.121944e-04 8.415294e-07 7.799518e+03 1.056090e+16 6.304231e+15 5.059679e+14 7.007358e+15 9.582109e+12 9.036116e+12 4.228948e+13
1.748800e+02 7.714418e+02 4.986723e-10 1.104272e-04 8.282741e-07 7.799245e+03 1.036787e+16 6.171695e+15 4.934205e+14 6.915507e+15 9.530222e+12 8.775633e+12 4.251766e+13
1.753400e+02 7.734052e+02 4.896005e-10 1.086942e-04 8.152759e-07 7.798971e+03 1.017926e+16 6.042420e+15 4.812366e+14 6.825212e+15 9.478979e+12 8.523522e+12 4.273681e+13
1.758000e+02 7.753516e+02 4.807354e-10 1.069947e-04 8.025285e-07 7.798697e+03 9.994943e+15 5.916314e+15 4.694008e+14 6.736441e+15 9.428351e+12 8.279472e+12 4.294683e+13
1.762600e+02 7.772810e+02 4.720730e-10 1.053282e-04 7.900288e-07 7.798423e+03 9.814843e+15 5.793289e+15 4.579039e+14 6.649214e+15 9.378363e+12 8.043219e+12 4.314757e+13
1.767200e+02 7.791938e+02 4.636077e-10 1.036940e-04 7.777712e-07 7.798150e+03 9.638843e+15 5.673260e+15 4.467333e+14 6.563498e+15 9.328951e+12 7.814458e+12 4.333937e+13
1.771800e+02 7.810900e+02 4.553314e-10 1.020907e-04 7.657453e-07 7.797876e+03 9.466770e+15 5.556124e+15 4.358804e+14 6.479187e+15 9.280177e+12 7.592933e+12 4.352175e+13
1.776400e+02 7.829698e+02 4.472404e-10 1.005179e-04 7.539487e-07 7.797603e+03 9.298551e+15 5.441801e+15 4.253333e+14 6.396302e+15 9.231957e+12 7.378378e+12 4.369506e+13
1.781000e+02 7.848334e+02 4.393312e-10 9.897535e-05 7.423782e-07 7.797329e+03 9.134111e+15 5.330236e+15 4.150794e+14 6.314837e+15 9.184338e+12 7.170568e+12 4.385936e+13
1.785600e+02 7.866807e+02 4.315957e-10 9.746152e-05 7.310235e-07 7.797056e+03 8.973283e+15 5.221314e+15 4.051158e+14 6.234691e+15 9.137255e+12 6.969245e+12 4.401434e+13
1.790200e+02 7.885121e+02 4.240322e-10 9.597646e-05 7.198846e-07 7.796782e+03 8.816030e+15 5.115004e+15 3.954271e+14 6.155887e+15 9.090733e+12 6.774201e+12 4.416056e+13
1.794800e+02 7.903276e+02 4.166336e-10 9.451897e-05 7.089525e-07 7.796509e+03 8.662205e+15 5.011197e+15 3.860051e+14 6.078371e+15 9.044749e+12 6.585199e+12 4.429742e+13
1.799400e+02 7.921276e+02 4.093968e-10 9.308873e-05 6.982248e-07 7.796235e+03 8.511747e+15 4.909842e+15 3.768442e+14 6.002120e+15 8.999309e+12 6.402033e+12 4.442563e+13
1.804000e+02 7.939117e+02 4.023174e-10 9.168507e-05 6.876965e-07 7.795962e+03 8.364560e+15 4.810861e+15 3.679352e+14 5.927131e+15 8.954405e+12 6.224531e+12 4.454463e+13
1.808600e+02 7.956806e+02 3.953921e-10 9.030761e-05 6.773646e-07 7.795688e+03 8.220576e+15 4.714205e+15 3.592675e+14 5.853377e+15 8.909994e+12 6.052445e+12 4.465497e+13
1.813200e+02 7.974341e+02 3.886143e-10 8.895514e-05 6.672203e-07 7.795415e+03 8.079658e+15 4.619778e+15 3.508365e+14 5.780792e+15 8.866083e+12 5.885629e+12 4.475643e+13
1.817800e+02 7.991725e+02 3.819823e-10 8.762767e-05 6.572633e-07 7.795142e+03 7.941772e+15 4.527559e+15 3.426338e+14 5.709373e+15 8.822684e+12 5.723908e+12 4.484926e+13
1.822400e+02 8.008958e+02 3.754910e-10 8.632430e-05 6.474873e-07 7.794868e+03 7.806813e+15 4.437454e+15 3.346524e+14 5.639098e+15 8.779788e+12 5.567079e+12 4.493340e+13
1.827000e+02 8.026042e+02 3.691382e-10 8.504485e-05 6.378905e-07 7.794595e+03 7.674732e+15 4.349441e+15 3.268833e+14 5.569944e+15 8.737335e+12 5.414993e+12 4.500912e+13
1.831600e+02 8.042979e+02 3.629191e-10 8.378846e-05 6.284668e-07 7.794322e+03 7.545430e+15 4.263419e+15 3.193237e+14 5.501913e+15 8.695388e+12 5.267495e+12 4.507621e+13
1.836200e+02 8.059769e+02 3.568306e-10 8.255478e-05 6.192134e-07 7.794049e+03 7.418846e+15 4.179384e+15 3.119651e+14 5.434917e+15 8.653886e+12 5.124422e+12 4.513528e+13
1.840800e+02 8.076414e+02 3.508686e-10 8.134307e-05 6.101249e-07 7.793775e+03 7.294889e+15 4.097237e+15 3.048002e+14 5.368979e+15 8.612856e+12 4.985623e+12 4.518579e+13
1.845400e+02 8.092915e+02 3.450317e-10 8.015332e-05 6.012010e-07 7.793502e+03 7.173535e+15 4.016962e+15 2.978235e+14 5.304100e+15 8.572243e+12 4.850967e+12 4.522820e+13
1.850000e+02 8.109274e+02 3.393149e-10 7.898460e-05 5.924348e-07 7.793229e+03 7.054678e+15 3.938495e+15 2.910306e+14 5.240199e+15 8.532105e+12 4.720313e+12 4.526267e+13
1.854600e+02 8.125491e+02 3.337162e-10 7.783670e-05 5.838248e-07 7.792956e+03 6.938274e+15 3.861791e+15 2.844161e+14 5.177297e+15 8.492383e+12 4.593529e+12 4.528914e+13
1.859200e+02 8.141568e+02 3.282320e-10 7.670903e-05 5.753666e-07 7.792683e+03 6.824254e+15 3.786792e+15 2.779737e+14 5.115377e+15 8.453093e+12 4.470486e+12 4.530794e+13
1.863800e+02 8.157506e+02 3.228605e-10 7.560139e-05 5.670586e-07 7.792410e+03 6.712574e+15 3.713482e+15 2.716985e+14 5.054399e+15 8.414224e+12 4.351061e+12 4.531889e+13
1.868400e+02 8.173307e+02 3.175979e-10 7.451316e-05 5.588962e-07 7.792137e+03 6.603161e+15 3.641792e+15 2.655847e+14 4.994365e+15 8.375737e+12 4.235148e+12 4.532230e+13
1.873000e+02 8.188971e+02 3.124421e-10 7.344401e-05 5.508769e-07 7.791864e+03 6.495966e+15 3.571695e+15 2.596285e+14 4.935239e+15 8.337678e+12 4.122611e+12 4.531834e+13
1.877600e+02 8.204501e+02 3.073896e-10 7.239339e-05 5.429966e-07 7.791591e+03 6.390921e+15 3.503138e+15 2.538246e+14 4.877004e+15 8.300020e+12 4.013352e+12 4.530699e+13
1.882200e+02 8.219895e+02 3.024383e-10 7.136094e-05 5.352525e-07 7.791318e+03 6.287978e+15 3.436084e+15 2.481686e+14 4.819644e+15 8.262746e+12 3.907275e+12 4.528860e+13
1.886800e+02 8.235157e+02 2.975851e-10 7.034619e-05 5.276412e-07 7.791045e+03 6.187075e+15 3.370494e+15 2.426564e+14 4.763125e+15 8.225862e+12 3.804258e+12 4.526299e+13
1.891400e+02 8.250287e+02 2.928299e-10 6.934928e-05 5.201638e-07 7.790772e+03 6.088210e+15 3.306347e+15 2.372839e+14 4.707486e+15 8.189350e+12 3.704213e+12 4.523068e+13
1.896000e+02 8.265288e+02 2.881676e-10 6.836923e-05 5.128128e-07 7.790499e+03 5.991276e+15 3.243582e+15 2.320462e+14 4.652656e+15 8.153217e+12 3.607054e+12 4.519150e+13
1.900600e+02 8.280158e+02 2.835978e-10 6.740608e-05 5.055886e-07 7.790227e+03 5.896267e+15 3.182178e+15 2.269415e+14 4.598659e+15 8.117444e+12 3.512677e+12 4.514563e+13
1.905200e+02 8.294900e+02 2.791169e-10 6.645915e-05 4.984860e-07 7.789954e+03 5.803104e+15 3.122102e+15 2.219634e+14 4.545424e+15 8.082041e+12 3.420996e+12 4.509325e+13
1.909800e+02 8.309515e+02 2.747241e-10 6.552847e-05 4.915053e-07 7.789681e+03 5.711774e+15 3.063322e+15 2.171093e+14 4.492991e+15 8.046971e+12 3.331929e+12 4.503455e+13
1.914400e+02 8.324004e+02 2.704162e-10 6.461338e-05 4.846415e-07 7.789408e+03 5.622208e+15 3.005795e+15 2.123765e+14 4.441312e+15 8.012261e+12 3.245394e+12 4.496972e+13
1.919000e+02 8.338368e+02 2.661925e-10 6.371393e-05 4.778951e-07 7.789136e+03 5.534394e+15 2.949503e+15 2.077602e+14 4.390408e+15 7.977905e+12 3.161309e+12 4.489875e+13
1.923600e+02 8.352609e+02 2.620496e-10 6.282944e-05 4.712609e-07 7.788863e+03 5.448259e+15 2.894404e+15 2.032578e+14 4.340229e+15 7.943883e+12 3.079592e+12 4.482186e+13
1.928200e+02 8.366726e+02 2.579864e-10 6.195977e-05 4.647378e-07 7.788590e+03 5.363780e+15 2.840472e+15 1.988657e+14 4.290781e+15 7.910206e+12 3.000183e+12 4.473924e+13
1.932800e+02 8.380721e+02 2.540014e-10 6.110476e-05 4.583246e-07 7.788318e+03 5.280929e+15 2.787689e+15 1.945815e+14 4.242052e+15 7.876823e+12 2.923006e+12 4.465090e+13
1.937400e+02 8.394597e+02 2.500914e-10 6.026375e-05 4.520165e-07 7.788045e+03 5.199637e+15 2.736006e+15 1.904015e+14 4.194012e+15 7.843790e+12 2.847983e+12 4.455704e+13
1.942000e+02 8.408352e+02 2.462558e-10 5.943674e-05 4.458134e-07 7.787773e+03 5.119892e+15 2.685419e+15 1.863224e+14 4.146649e+15 7.811059e+12 2.775060e+12 4.445785e+13
1.946600e+02 8.421990e+02 2.424924e-10 5.862333e-05 4.397123e-07 7.787500e+03 5.041647e+15 2.635882e+15 1.823420e+14 4.099969e+15 7.778653e+12 2.704162e+12 4.435336e+13
1.951200e+02 8.435509e+02 2.387994e-10 5.782320e-05 4.337109e-07 7.787228e+03 4.964866e+15 2.587381e+15 1.784585e+14 4.053927e+15 7.746540e+12 2.635230e+12 4.424378e+13
1.955800e+02 8.448912e+02 2.351763e-10 5.703637e-05 4.278091e-07 7.786955e+03 4.889537e+15 2.539892e+15 1.746678e+14 4.008560e+15 7.714744e+12 2.568210e+12 4.412946e+13
1.960400e+02 8.462200e+02 2.316207e-10 5.626240e-05 4.220038e-07 7.786683e+03 4.815614e+15 2.493390e+15 1.709677e+14 3.963825e+15 7.683232e+12 2.503040e+12 4.401028e+13
1.965000e+02 8.475374e+02 2.281308e-10 5.550095e-05 4.162925e-07 7.786410e+03 4.743056e+15 2.447844e+15 1.673562e+14 3.919711e+15 7.652029e+12 2.439665e+12 4.388626e+13
1.969600e+02 8.488434e+02 2.247056e-10 5.475187e-05 4.106739e-07 7.786138e+03 4.671841e+15 2.403232e+15 1.638298e+14 3.876223e+15 7.621117e+12 2.378027e+12 4.375776e+13
1.974200e+02 8.501381e+02 2.213433e-10 5.401487e-05 4.051460e-07 7.785866e+03 4.601936e+15 2.359542e+15 1.603877e+14 3.833322e+15 7.590478e+12 2.318075e+12 4.362501e+13
1.978800e+02 8.514218e+02 2.180425e-10 5.328972e-05 3.997068e-07 7.785593e+03 4.533310e+15 2.316744e+15 1.570268e+14 3.791011e+15 7.560120e+12 2.259760e+12 4.348800e+13
1.983400e+02 8.526943e+02 2.148023e-10 5.257627e-05 3.943555e-07 7.785321e+03 4.465942e+15 2.274817e+15 1.537445e+14 3.749297e+15 7.530042e+12 2.203034e+12 4.334681e+13
1.988000e+02 8.539559e+02 2.116214e-10 5.187433e-05 3.890906e-07 7.785049e+03 4.399809e+15 2.233751e+15 1.505395e+14 3.708153e+15 7.500240e+12 2.147851e+12 4.320161e+13
1.992600e+02 8.552066e+02 2.084978e-10 5.118351e-05 3.839089e-07 7.784776e+03 4.334866e+15 2.193518e+15 1.474097e+14 3.667558e+15 7.470696e+12 2.094161e+12 4.305278e+13
1.997200e+02 8.564467e+02 2.054305e-10 5.050366e-05 3.788097e-07 7.784504e+03 4.271095e+15 2.154090e+15 1.443519e+14 3.627529e+15 7.441418e+12 2.041916e+12 4.290001e+13
2.001800e+02 8.576760e+02 2.024186e-10 4.983463e-05 3.737915e-07 7.784232e+03 4.208475e+15 2.115466e+15 1.413656e+14 3.588031e+15 7.412421e+12 1.991088e+12 4.274368e+13
2.006400e+02 8.588947e+02 1.994608e-10 4.917620e-05 3.688528e-07 7.783960e+03 4.146978e+15 2.077613e+15 1.384484e+14 3.549082e+15 7.383657e+12 1.941623e+12 4.258399e+13
2.011000e+02 8.601030e+02 1.965559e-10 4.852819e-05 3.639923e-07 7.783688e+03 4.086583e+15 2.040527e+15 1.355984e+14 3.510645e+15 7.355150e+12 1.893482e+12 4.242096e+13
2.015600e+02 8.613009e+02 1.937028e-10 4.789039e-05 3.592084e-07 7.783416e+03 4.027264e+15 2.004178e+15 1.328136e+14 3.472739e+15 7.326900e+12 1.846628e+12 4.225463e+13
2.020200e+02 8.624885e+02 1.908991e-10 4.726230e-05 3.544973e-07 7.783144e+03 3.968973e+15 1.968548e+15 1.300932e+14 3.435304e+15 7.298885e+12 1.801024e+12 4.208537e+13
2.024800e+02 8.636659e+02 1.881459e-10 4.664425e-05 3.498616e-07 7.782872e+03 3.911732e+15 1.933631e+15 1.274346e+14 3.398396e+15 7.271121e+12 1.756637e+12 4.191288e+13
2.029400e+02 8.648331e+02 1.854414e-10 4.603589e-05 3.452985e-07 7.782599e+03 3.855502e+15 1.899409e+15 1.248364e+14 3.361982e+15 7.243615e+12 1.713429e+12 4.173785e+13
2.034000e+02 8.659904e+02 1.827833e-10 4.543672e-05 3.408044e-07 7.782328e+03 3.800237e+15 1.865853e+15 1.222979e+14 3.326028e+15 7.216323e+12 1.671361e+12 4.155982e+13
2.038600e+02 8.671376e+02 1.801725e-10 4.484706e-05 3.363816e-07 7.782056e+03 3.745956e+15 1.832970e+15 1.198158e+14 3.290565e+15 7.189257e+12 1.630406e+12 4.137931e+13
2.043200e+02 8.682751e+02 1.776066e-10 4.426637e-05 3.320260e-07 7.781784e+03 3.692609e+15 1.800725e+15 1.173905e+14 3.255560e+15 7.162426e+12 1.590527e+12 4.119619e+13
2.047800e+02 8.694028e+02 1.750852e-10 4.369461e-05 3.277374e-07 7.781512e+03 3.640186e+15 1.769117e+15 1.150189e+14 3.221006e+15 7.135830e+12 1.551700e+12 4.101082e+13
2.052400e+02 8.705208e+02 1.726074e-10 4.313165e-05 3.235149e-07 7.781240e+03 3.588671e+15 1.738126e+15 1.127014e+14 3.186907e+15 7.109437e+12 1.513889e+12 4.082307e+13
2.057000e+02 8.716291e+02 1.701722e-10 4.257726e-05 3.193566e-07 7.780968e+03 3.538040e+15 1.707739e+15 1.104354e+14 3.153247e+15 7.083272e+12 1.477069e+12 4.063313e+13
2.061600e+02 8.727280e+02 1.677788e-10 4.203137e-05 3.152621e-07 7.780696e+03 3.488280e+15 1.677942e+15 1.082200e+14 3.120028e+15 7.057318e+12 1.441211e+12 4.044118e+13
2.066200e+02 8.738174e+02 1.654262e-10 4.149374e-05 3.112295e-07 7.780424e+03 3.439367e+15 1.648723e+15 1.060535e+14 3.087232e+15 7.031587e+12 1.406282e+12 4.024726e+13
2.070800e+02 8.748975e+02 1.631139e-10 4.096432e-05 3.072585e-07 7.780153e+03 3.391293e+15 1.620070e+15 1.039353e+14 3.054866e+15 7.006063e+12 1.372267e+12 4.005140e+13
2.075400e+02 8.759683e+02 1.608408e-10 4.044289e-05 3.033475e-07 7.779881e+03 3.344033e+15 1.591971e+15 1.018637e+14 3.022910e+15 6.980742e+12 1.339133e+12 3.985394e+13
2.080000e+02 8.770300e+02 1.586058e-10 3.992924e-05 2.994947e-07 7.779609e+03 3.297564e+15 1.564408e+15 9.983808e+13 2.991359e+15 6.955648e+12 1.306853e+12 3.965459e+13
2.084600e+02 8.780825e+02 1.564087e-10 3.942337e-05 2.957004e-07 7.779338e+03 3.251884e+15 1.537381e+15 9.785648e+13 2.960205e+15 6.930714e+12 1.275407e+12 3.945370e+13
2.089200e+02 8.791260e+02 1.542482e-10 3.892502e-05 2.919625e-07 7.779066e+03 3.206966e+15 1.510867e+15 9.591862e+13 2.929444e+15 6.906016e+12 1.244773e+12 3.925144e+13
2.093800e+02 8.801605e+02 1.521243e-10 3.843421e-05 2.882811e-07 7.778794e+03 3.162807e+15 1.484856e+15 9.402310e+13 2.899091e+15 6.881498e+12 1.214923e+12 3.904769e+13
2.098400e+02 8.811862e+02 1.500358e-10 3.795072e-05 2.846546e-07 7.778523e+03 3.119385e+15 1.459349e+15 9.216855e+13 2.869108e+15 6.857173e+12 1.185841e+12 3.884263e+13
2.103000e+02 8.822031e+02 1.479815e-10 3.747431e-05 2.810812e-07 7.778251e+03 3.076676e+15 1.434318e+15 9.035471e+13 2.839499e+15 6.833037e+12 1.157504e+12 3.863627e+13
2.107600e+02 8.832112e+02 1.459614e-10 3.700499e-05 2.775610e-07 7.777980e+03 3.034676e+15 1.409765e+15 8.857993e+13 2.810260e+15 6.809100e+12 1.129889e+12 3.842882e+13
2.112200e+02 8.842108e+02 1.439748e-10 3.654262e-05 2.740929e-07 7.777708e+03 2.993371e+15 1.385678e+15 8.684360e+13 2.781384e+15 6.785349e+12 1.102976e+12 3.822041e+13
2.116800e+02 8.852017e+02 1.420210e-10 3.608713e-05 2.706765e-07 7.777437e+03 2.952751e+15 1.362045e+15 8.514486e+13 2.752877e+15 6.761781e+12 1.076752e+12 3.801080e+13
2.121400e+02 8.861841e+02 1.400989e-10 3.563823e-05 2.673094e-07 7.777165e+03 2.912788e+15 1.338854e+15 8.348214e+13 2.724712e+15 6.738380e+12 1.051188e+12 3.780044e+13
2.126000e+02 8.871582e+02 1.382081e-10 3.519591e-05 2.639917e-07 7.776894e+03 2.873477e+15 1.316098e+15 8.185528e+13 2.696896e+15 6.715157e+12 1.026273e+12 3.758921e+13
2.130600e+02 8.881238e+02 1.363483e-10 3.476009e-05 2.607229e-07 7.776622e+03 2.834811e+15 1.293771e+15 8.026312e+13 2.669422e+15 6.692125e+12 1.001989e+12 3.737728e+13
2.135200e+02 8.890813e+02 1.345188e-10 3.433065e-05 2.575017e-07 7.776351e+03 2.796773e+15 1.271856e+15 7.870516e+13 2.642296e+15 6.669253e+12 9.783186e+11 3.716452e+13
2.139800e+02 8.900305e+02 1.327188e-10 3.390743e-05 2.543273e-07 7.776080e+03 2.759350e+15 1.250354e+15 7.718029e+13 2.615494e+15 6.646568e+12 9.552414e+11 3.695124e+13
2.144400e+02 8.909716e+02 1.309479e-10 3.349037e-05 2.511991e-07 7.775808e+03 2.722530e+15 1.229252e+15 7.568776e+13 2.589018e+15 6.624039e+12 9.327429e+11 3.673746e+13
2.149000e+02 8.919045e+02 1.292052e-10 3.307927e-05 2.481156e-07 7.775537e+03 2.686298e+15 1.208541e+15 7.422684e+13 2.562857e+15 6.601693e+12 9.108133e+11 3.652306e+13
2.153600e+02 8.928297e+02 1.274905e-10 3.267413e-05 2.450768e-07 7.775266e+03 2.650648e+15 1.188208e+15 7.279652e+13 2.537024e+15 6.579487e+12 8.894267e+11 3.630826e+13
2.158200e+02 8.937468e+02 1.258035e-10 3.227490e-05 2.420823e-07 7.774995e+03 2.615574e+15 1.168257e+15 7.139663e+13 2.511505e+15 6.557471e+12 8.685759e+11 3.609323e+13
2.162800e+02 8.946560e+02 1.241430e-10 3.188128e-05 2.391299e-07 7.774724e+03 2.581050e+15 1.148673e+15 7.002596e+13 2.486277e+15 6.535605e+12 8.482448e+11 3.587777e+13
2.167400e+02 8.955575e+02 1.225087e-10 3.149329e-05 2.362197e-07 7.774452e+03 2.547072e+15 1.129442e+15 6.868385e+13 2.461364e+15 6.513901e+12 8.284214e+11 3.566217e+13
2.172000e+02 8.964513e+02 1.209004e-10 3.111086e-05 2.333512e-07 7.774181e+03 2.513633e+15 1.110569e+15 6.737016e+13 2.436742e+15 6.492344e+12 8.090875e+11 3.544639e+13
2.176600e+02 8.973374e+02 1.193178e-10 3.073397e-05 2.305243e-07 7.773910e+03 2.480730e+15 1.092042e+15 6.608374e+13 2.412427e+15 6.470944e+12 7.902335e+11 3.523037e+13
2.181200e+02 8.982159e+02 1.177600e-10 3.036240e-05 2.277374e-07 7.773639e+03 2.448342e+15 1.073855e+15 6.482423e+13 2.388395e+15 6.449700e+12 7.718481e+11 3.501439e+13
2.185800e+02 8.990870e+02 1.162264e-10 2.999604e-05 2.249894e-07 7.773368e+03 2.416457e+15 1.055993e+15 6.359052e+13 2.364651e+15 6.428610e+12 7.539134e+11 3.479833e+13
2.190400e+02 8.999506e+02 1.147166e-10 2.963484e-05 2.222802e-07 7.773097e+03 2.385067e+15 1.038461e+15 6.238254e+13 2.341174e+15 6.407672e+12 7.364219e+11 3.458227e+13
2.195000e+02 9.008068e+02 1.132306e-10 2.927878e-05 2.196095e-07 7.772826e+03 2.354171e+15 1.021246e+15 6.119946e+13 2.317986e+15 6.386862e+12 7.193619e+11 3.436630e+13
2.199600e+02 9.016556e+02 1.117676e-10 2.892772e-05 2.169764e-07 7.772555e+03 2.323754e+15 1.004344e+15 6.004096e+13 2.295067e+15 6.366213e+12 7.027168e+11 3.415055e+13
2.204200e+02 9.024973e+02 1.103273e-10 2.858159e-05 2.143801e-07 7.772284e+03 2.293809e+15 9.877451e+14 5.890605e+13 2.272420e+15 6.345723e+12 6.864841e+11 3.393490e+13
2.208800e+02 9.033317e+02 1.089090e-10 2.824025e-05 2.118199e-07 7.772013e+03 2.264321e+15 9.714443e+14 5.779420e+13 2.250034e+15 6.325343e+12 6.706462e+11 3.371944e+13
2.213400e+02 9.041590e+02 1.075130e-10 2.790379e-05 2.092962e-07 7.771742e+03 2.235296e+15 9.554392e+14 5.670534e+13 2.227921e+15 6.305119e+12 6.551945e+11 3.350422e+13
2.218000e+02 9.049792e+02 1.061380e-10 2.757193e-05 2.068070e-07 7.771472e+03 2.206710e+15 9.397201e+14 5.563897e+13 2.206054e+15 6.285039e+12 6.401203e+11 3.328940e+13
2.222600e+02 9.057925e+02 1.047841e-10 2.724467e-05 2.043524e-07 7.771201e+03 2.178560e+15 9.242851e+14 5.459415e+13 2.184436e+15 6.265088e+12 6.254136e+11 3.307479e+13
2.227200e+02 9.065987e+02 1.034510e-10 2.692199e-05 2.019321e-07 7.770930e+03 2.150843e+15 9.091220e+14 5.357064e+13 2.163082e+15 6.245277e+12 6.110641e+11 3.286059e+13
2.231800e+02 9.073981e+02 1.021379e-10 2.660372e-05 1.995448e-07 7.770659e+03 2.123543e+15 8.942321e+14 5.256776e+13 2.141963e+15 6.225582e+12 5.970613e+11 3.264687e+13
2.236400e+02 9.081907e+02 1.008449e-10 2.628986e-05 1.971907e-07 7.770388e+03 2.096660e+15 8.796067e+14 5.158526e+13 2.121091e+15 6.206034e+12 5.833987e+11 3.243357e+13
2.241000e+02 9.089764e+02 9.957105e-11 2.598025e-05 1.948684e-07 7.770118e+03 2.070176e+15 8.652408e+14 5.062251e+13 2.100449e+15 6.186612e+12 5.700654e+11 3.222076e+13
2.245600e+02 9.097555e+02 9.831679e-11 2.567497e-05 1.925786e-07 7.769847e+03 2.044099e+15 8.511296e+14 4.967946e+13 2.080056e+15 6.167334e+12 5.570551e+11 3.200838e+13
2.250200e+02 9.105280e+02 9.708144e-11 2.537389e-05 1.903203e-07 7.769576e+03 2.018415e+15 8.372711e+14 4.875510e+13 2.059892e+15 6.148167e+12 5.443565e+11 3.179669e+13
2.254800e+02 9.112938e+02 9.586438e-11 2.507686e-05 1.880925e-07 7.769306e+03 1.993111e+15 8.236542e+14 4.784924e+13 2.039957e+15 6.129120e+12 5.319638e+11 3.158544e+13
2.259400e+02 9.120531e+02 9.466567e-11 2.478393e-05 1.858953e-07 7.769035e+03 1.968189e+15 8.102776e+14 4.696184e+13 2.020253e+15 6.110215e+12 5.198682e+11 3.137483e+13
2.264000e+02 9.128059e+02 9.348477e-11 2.449496e-05 1.837278e-07 7.768765e+03 1.943637e+15 7.971365e+14 4.609195e+13 2.000771e+15 6.091427e+12 5.080642e+11 3.116492e+13
2.268600e+02 9.135523e+02 9.232137e-11 2.420991e-05 1.815898e-07 7.768494e+03 1.919449e+15 7.842266e+14 4.523957e+13 1.981506e+15 6.072743e+12 4.965415e+11 3.095558e+13
2.273200e+02 9.142924e+02 9.117519e-11 2.392871e-05 1.794806e-07 7.768224e+03 1.895618e+15 7.715434e+14 4.440413e+13 1.962457e+15 6.054198e+12 4.852950e+11 3.074701e+13
2.277800e+02 9.150261e+02 9.004591e-11 2.365130e-05 1.773998e-07 7.767953e+03 1.872139e+15 7.590828e+14 4.358511e+13 1.943621e+15 6.035779e+12 4.743167e+11 3.053902e+13
2.282400e+02 9.157535e+02 8.893346e-11 2.337767e-05 1.753475e-07 7.767683e+03 1.849011e+15 7.468403e+14 4.278250e+13 1.925002e+15 6.017460e+12 4.635982e+11 3.033191e+13
2.287000e+02 9.164748e+02 8.783718e-11 2.310768e-05 1.733224e-07 7.767412e+03 1.826218e+15 7.348119e+14 4.199594e+13 1.906583e+15 5.999252e+12 4.531366e+11 3.012552e+13
2.291600e+02 9.171899e+02 8.675698e-11 2.284132e-05 1.713245e-07 7.767142e+03 1.803760e+15 7.229908e+14 4.122461e+13 1.888375e+15 5.981167e+12 4.429218e+11 2.991983e+13
2.296200e+02 9.178989e+02 8.569260e-11 2.257853e-05 1.693534e-07 7.766871e+03 1.781630e+15 7.113758e+14 4.046853e+13 1.870370e+15 5.963191e+12 4.329496e+11 2.971497e+13
2.300800e+02 9.186019e+02 8.464361e-11 2.231922e-05 1.674084e-07 7.766601e+03 1.759821e+15 6.999606e+14 3.972750e+13 1.852563e+15 5.945345e+12 4.232145e+11 2.951100e+13
2.305400e+02 9.192988e+02 8.360990e-11 2.206337e-05 1.654894e-07 7.766331e+03 1.738329e+15 6.887438e+14 3.900091e+13 1.834952e+15 5.927583e+12 4.137076e+11 2.930790e+13
2.310000e+02 9.199899e+02 8.259120e-11 2.181094e-05 1.635959e-07 7.766061e+03 1.717149e+15 6.777219e+14 3.828861e+13 1.817536e+15 5.909949e+12 4.044256e+11 2.910552e+13
2.314600e+02 9.206750e+02 8.158726e-11 2.156186e-05 1.617277e-07 7.765790e+03 1.696276e+15 6.668912e+14 3.759029e+13 1.800312e+15 5.892432e+12 3.953636e+11 2.890407e+13
2.319200e+02 9.213543e+02 8.059760e-11 2.131603e-05 1.598838e-07 7.765520e+03 1.675700e+15 6.562432e+14 3.690568e+13 1.783276e+15 5.874997e+12 3.865141e+11 2.870351e+13
2.323800e+02 9.220278e+02 7.962234e-11 2.107349e-05 1.580646e-07 7.765250e+03 1.655424e+15 6.457820e+14 3.623446e+13 1.766428e+15 5.857686e+12 3.778724e+11 2.850388e+13
2.328400e+02 9.226956e+02 7.866099e-11 2.083413e-05 1.562693e-07 7.764980e+03 1.635437e+15 6.354989e+14 3.557611e+13 1.749763e+15 5.840465e+12 3.694341e+11 2.830518e+13
2.333000e+02 9.233577e+02 7.771335e-11 2.059791e-05 1.544974e-07 7.764710e+03 1.615734e+15 6.253911e+14 3.493061e+13 1.733281e+15 5.823356e+12 3.611928e+11 2.810741e+13
2.337600e+02 9.240142e+02 7.677927e-11 2.036480e-05 1.527490e-07 7.764439e+03 1.596314e+15 6.154573e+14 3.429757e+13 1.716978e+15 5.806347e+12 3.531445e+11 2.791057e+13
2.342200e+02 9.246651e+02 7.585862e-11 2.013478e-05 1.510237e-07 7.764169e+03 1.577173e+15 6.056923e+14 3.367688e+13 1.700859e+15 5.789436e+12 3.452831e+11 2.771470e+13
2.346800e+02 9.253104e+02 7.495096e-11 1.990775e-05 1.493208e-07 7.763899e+03 1.558301e+15 5.960953e+14 3.306826e+13 1.684909e+15 5.772634e+12 3.376066e+11 2.751982e+13
2.351400e+02 9.259503e+02 7.405596e-11 1.968363e-05 1.476398e-07 7.763629e+03 1.539694e+15 5.866584e+14 3.247122e+13 1.669132e+15 5.755918e+12 3.301085e+11 2.732585e+13
2.356000e+02 9.265847e+02 7.317381e-11 1.946248e-05 1.459810e-07 7.763359e+03 1.521353e+15 5.773857e+14 3.188564e+13 1.653526e+15 5.739309e+12 3.227852e+11 2.713295e+13
2.360600e+02 9.272136e+02 7.230380e-11 1.924414e-05 1.443433e-07 7.763089e+03 1.503264e+15 5.682675e+14 3.131155e+13 1.638083e+15 5.722795e+12 3.156311e+11 2.694103e+13
2.365200e+02 9.278373e+02 7.144625e-11 1.902869e-05 1.427273e-07 7.762819e+03 1.485435e+15 5.593053e+14 3.074844e+13 1.622812e+15 5.706385e+12 3.086428e+11 2.675016e+13
2.369800e+02 9.284556e+02 7.060055e-11 1.881598e-05 1.411318e-07 7.762549e+03 1.467852e+15 5.504941e+14 3.019612e+13 1.607699e+15 5.690068e+12 3.018181e+11 2.656026e+13
2.374400e+02 9.290687e+02 6.976667e-11 1.860602e-05 1.395570e-07 7.762280e+03 1.450515e+15 5.418312e+14 2.965423e+13 1.592750e+15 5.673833e+12 2.951499e+11 2.637141e+13
2.379000e+02 9.296766e+02 6.894450e-11 1.839878e-05 1.380026e-07 7.762010e+03 1.433421e+15 5.333160e+14 2.912280e+13 1.577961e+15 5.657688e+12 2.886358e+11 2.618362e+13
2.383600e+02 9.302793e+02 6.813369e-11 1.819419e-05 1.364680e-07 7.761740e+03 1.416564e+15 5.249418e+14 2.860150e+13 1.563330e+15 5.641646e+12 2.822725e+11 2.599687e+13
2.388200e+02 9.308769e+02 6.733405e-11 1.799221e-05 1.349530e-07 7.761470e+03 1.399938e+15 5.167100e+14 2.809002e+13 1.548850e+15 5.625692e+12 2.760549e+11 2.581116e+13
2.392800e+02 9.314694e+02 6.654557e-11 1.779284e-05 1.334576e-07 7.761200e+03 1.383545e+15 5.086142e+14 2.758838e+13 1.534531e+15 5.609817e+12 2.699819e+11 2.562649e+13
2.397400e+02 9.320568e+02 6.576793e-11 1.759600e-05 1.319813e-07 7.760931e+03 1.367377e+15 5.006557e+14 2.709626e+13 1.520359e+15 5.594051e+12 2.640471e+11 2.544295e+13
2.402000e+02 9.326393e+02 6.500101e-11 1.740169e-05 1.305237e-07 7.760661e+03 1.351433e+15 4.928303e+14 2.661338e+13 1.506338e+15 5.578361e+12 2.582492e+11 2.526038e+13
2.406600e+02 9.332168e+02 6.424442e-11 1.720979e-05 1.290844e-07 7.760391e+03 1.335702e+15 4.851337e+14 2.613966e+13 1.492460e+15 5.562758e+12 2.525834e+11 2.507899e+13
2.411200e+02 9.337894e+02 6.349831e-11 1.702036e-05 1.276635e-07 7.760121e+03 1.320190e+15 4.775671e+14 2.567499e+13 1.478730e+15 5.547251e+12 2.470485e+11 2.489860e+13
2.415800e+02 9.343572e+02 6.276243e-11 1.683334e-05 1.262607e-07 7.759852e+03 1.304890e+15 4.701267e+14 2.521902e+13 1.465145e+15 5.531818e+12 2.416399e+11 2.471928e+13
2.420400e+02 9.349201e+02 6.203663e-11 1.664870e-05 1.248758e-07 7.759582e+03 1.289800e+15 4.628100e+14 2.477167e+13 1.451705e+15 5.516468e+12 2.363546e+11 2.454110e+13
2.425000e+02 9.354783e+02 6.132059e-11 1.646636e-05 1.235082e-07 7.759313e+03 1.274913e+15 4.556149e+14 2.433265e+13 1.438401e+15 5.501202e+12 2.311897e+11 2.436397e+13
2.429600e+02 9.360317e+02 6.061423e-11 1.628631e-05 1.221577e-07 7.759043e+03 1.260227e+15 4.485375e+14 2.390192e+13 1.425238e+15 5.486019e+12 2.261424e+11 2.418793e+13
2.434200e+02 9.365804e+02 5.991756e-11 1.610856e-05 1.208245e-07 7.758774e+03 1.245743e+15 4.415791e+14 2.347929e+13 1.412213e+15 5.470916e+12 2.212102e+11 2.401301e+13
2.438800e+02 9.371245e+02 5.923011e-11 1.593299e-05 1.195076e-07 7.758504e+03 1.231450e+15 4.347343e+14 2.306452e+13 1.399320e+15 5.455906e+12 2.163901e+11 2.383911e+13
2.443400e+02 9.376638e+02 5.855200e-11 1.575965e-05 1.182074e-07 7.758235e+03 1.217351e+15 4.280029e+14 2.265755e+13 1.386563e+15 5.440965e+12 2.116793e+11 2.366638e+13
2.448000e+02 9.381987e+02 5.788291e-11 1.558844e-05 1.169233e-07 7.757965e+03 1.203440e+15 4.213825e+14 2.225812e+13 1.373934e+15 5.426114e+12 2.070753e+11 2.349475e+13
2.452600e+02 9.387290e+02 5.722287e-11 1.541940e-05 1.156553e-07 7.757696e+03 1.189718e+15 4.148716e+14 2.186627e+13 1.361438e+15 5.411332e+12 2.025760e+11 2.332418e+13
2.457200e+02 9.392548e+02 5.657163e-11 1.525245e-05 1.144031e-07 7.757426e+03 1.176177e+15 4.084664e+14 2.148151e+13 1.349073e+15 5.396638e+12 1.981781e+11 2.315470e+13
2.461800e+02 9.397762e+02 5.592908e-11 1.508758e-05 1.131665e-07 7.757157e+03 1.162819e+15 4.021683e+14 2.110411e+13 1.336832e+15 5.382011e+12 1.938797e+11 2.298634e+13
2.466400e+02 9.402932e+02 5.529509e-11 1.492476e-05 1.119452e-07 7.756888e+03 1.149637e+15 3.959723e+14 2.073360e+13 1.324719e+15 5.367461e+12 1.896783e+11 2.281906e+13
2.471000e+02 9.408057e+02 5.466938e-11 1.476392e-05 1.107388e-07 7.756618e+03 1.136628e+15 3.898766e+14 2.036993e+13 1.312727e+15 5.352976e+12 1.855709e+11 2.265290e+13
2.475600e+02 9.413139e+02 5.405197e-11 1.460507e-05 1.095473e-07 7.756349e+03 1.123791e+15 3.838825e+14 2.001304e+13 1.300855e+15 5.338578e+12 1.815562e+11 2.248780e+13
2.480200e+02 9.418177e+02 5.344287e-11 1.444821e-05 1.083708e-07 7.756080e+03 1.111128e+15 3.779854e+14 1.966272e+13 1.289111e+15 5.324265e+12 1.776323e+11 2.232376e+13
2.484800e+02 9.423174e+02 5.284168e-11 1.429326e-05 1.072086e-07 7.755811e+03 1.098629e+15 3.721834e+14 1.931893e+13 1.277485e+15 5.310005e+12 1.737963e+11 2.216089e+13
2.489400e+02 9.428128e+02 5.224835e-11 1.414020e-05 1.060605e-07 7.755542e+03 1.086293e+15 3.664765e+14 1.898145e+13 1.265974e+15 5.295829e+12 1.700463e+11 2.199907e+13
2.494000e+02 9.433040e+02 5.166289e-11 1.398904e-05 1.049267e-07 7.755272e+03 1.074120e+15 3.608629e+14 1.865017e+13 1.254582e+15 5.281716e+12 1.663807e+11 2.183836e+13
2.498600e+02 9.437910e+02 5.108506e-11 1.383972e-05 1.038067e-07 7.755003e+03 1.062107e+15 3.553410e+14 1.832504e+13 1.243303e+15 5.267675e+12 1.627969e+11 2.167868e+13
2.503200e+02 9.442739e+02 5.051461e-11 1.369218e-05 1.027001e-07 7.754734e+03 1.050247e+15 3.499065e+14 1.800579e+13 1.232137e+15 5.253715e+12 1.592931e+11 2.152019e+13
2.507800e+02 9.447527e+02 4.995188e-11 1.354651e-05 1.016075e-07 7.754465e+03 1.038547e+15 3.445620e+14 1.769240e+13 1.221090e+15 5.239828e+12 1.558678e+11 2.136270e+13
2.512400e+02 9.452275e+02 4.939625e-11 1.340256e-05 1.005278e-07 7.754196e+03 1.026995e+15 3.393033e+14 1.738477e+13 1.210147e+15 5.225990e+12 1.525189e+11 2.120631e+13
2.517000e+02 9.456982e+02 4.884787e-11 1.326037e-05 9.946123e-08 7.753927e+03 1.015593e+15 3.341289e+14 1.708285e+13 1.199318e+15 5.212232e+12 1.492449e+11 2.105099e+13
2.521600e+02 9.461650e+02 4.830655e-11 1.311990e-05 9.840758e-08 7.753658e+03 1.004339e+15 3.290386e+14 1.678632e+13 1.188595e+15 5.198534e+12 1.460432e+11 2.089671e+13
2.526200e+02 9.466277e+02 4.777227e-11 1.298113e-05 9.736677e-08 7.753389e+03 9.932305e+14 3.240298e+14 1.649530e+13 1.177982e+15 5.184924e+12 1.429133e+11 2.074357e+13
2.530800e+02 9.470867e+02 4.724484e-11 1.284404e-05 9.633848e-08 7.753120e+03 9.822649e+14 3.191023e+14 1.620951e+13 1.167473e+15 5.171363e+12 1.398527e+11 2.059144e+13
2.535400e+02 9.475416e+02 4.672431e-11 1.270863e-05 9.532281e-08 7.752851e+03 9.714425e+14 3.142547e+14 1.592899e+13 1.157072e+15 5.157869e+12 1.368600e+11 2.044041e+13
2.540000e+02 9.479928e+02 4.621032e-11 1.257481e-05 9.431911e-08 7.752582e+03 9.607562e+14 3.094832e+14 1.565347e+13 1.146773e+15 5.144443e+12 1.339338e+11 2.029041e+13
2.544600e+02 9.484401e+02 4.570290e-11 1.244260e-05 9.332744e-08 7.752314e+03 9.502065e+14 3.047890e+14 1.538303e+13 1.136575e+15 5.131083e+12 1.310721e+11 2.014148e+13
2.549200e+02 9.488837e+02 4.520206e-11 1.231200e-05 9.234787e-08 7.752045e+03 9.397935e+14 3.001706e+14 1.511746e+13 1.126481e+15 5.117789e+12 1.282744e+11 1.999362e+13
2.553800e+02 9.493234e+02 4.470755e-11 1.218295e-05 9.137991e-08 7.751776e+03 9.295121e+14 2.956258e+14 1.485671e+13 1.116485e+15 5.104550e+12 1.255381e+11 1.984673e+13
2.558400e+02 9.497595e+02 4.421926e-11 1.205543e-05 9.042339e-08 7.751507e+03 9.193602e+14 2.911531e+14 1.460071e+13 1.106587e+15 5.091387e+12 1.228621e+11 1.970097e+13
2.563000e+02 9.501919e+02 4.373722e-11 1.192944e-05 8.947840e-08 7.751238e+03 9.093381e+14 2.867515e+14 1.434927e+13 1.096789e+15 5.078269e+12 1.202456e+11 1.955621e+13
2.567600e+02 9.506206e+02 4.326124e-11 1.180494e-05 8.854456e-08 7.750970e+03 8.994421e+14 2.824197e+14 1.410243e+13 1.087087e+15 5.065224e+12 1.176863e+11 1.941248e+13
2.572200e+02 9.510457e+02 4.279127e-11 1.168192e-05 8.762181e-08 7.750701e+03 8.896709e+14 2.781577e+14 1.385997e+13 1.077479e+15 5.052233e+12 1.151837e+11 1.926981e+13
2.576800e+02 9.514672e+02 4.232733e-11 1.156038e-05 8.671024e-08 7.750432e+03 8.800252e+14 2.739642e+14 1.362191e+13 1.067968e+15 5.039314e+12 1.127360e+11 1.912819e+13
2.581400e+02 9.518852e+02 4.186903e-11 1.144024e-05 8.580906e-08 7.750164e+03 8.704967e+14 2.698360e+14 1.338817e+13 1.058546e+15 5.026448e+12 1.103420e+11 1.898751e+13
2.586000e+02 9.522996e+02 4.141669e-11 1.132157e-05 8.491897e-08 7.749895e+03 8.610923e+14 2.657741e+14 1.315857e+13 1.049222e+15 5.013635e+12 1.080006e+11 1.884790e+13
2.590600e+02 9.527105e+02 4.096988e-11 1.120426e-05 8.403909e-08 7.749627e+03 8.518025e+14 2.617764e+14 1.293314e+13 1.039985e+15 5.000883e+12 1.057108e+11 1.870932e+13
2.595200e+02 9.531179e+02 4.052872e-11 1.108835e-05 8.316971e-08 7.749358e+03 8.426304e+14 2.578418e+14 1.271173e+13 1.030841e+15 4.988202e+12 1.034710e+11 1.857172e+13
2.599800e+02 9.535220e+02 4.009291e-11 1.097377e-05 8.231027e-08 7.749090e+03 8.335695e+14 2.539692e+14 1.249430e+13 1.021781e+15 4.975572e+12 1.012803e+11 1.843506e+13
2.604400e+02 9.539225e+02 3.966271e-11 1.086058e-05 8.146129e-08 7.748821e+03 8.246253e+14 2.501576e+14 1.228074e+13 1.012817e+15 4.962993e+12 9.913757e+10 1.829951e+13
2.609000e+02 9.543197e+02 3.923776e-11 1.074869e-05 8.062204e-08 7.748553e+03 8.157902e+14 2.464069e+14 1.207100e+13 1.003934e+15 4.950482e+12 9.704162e+10 1.816489e+13
2.613600e+02 9.547136e+02 3.881805e-11 1.063811e-05 7.979258e-08 7.748284e+03 8.070639e+14 2.427152e+14 1.186501e+13 9.951375e+14 4.938022e+12 9.499160e+10 1.803125e+13
2.618200e+02 9.551041e+02 3.840355e-11 1.052882e-05 7.897285e-08 7.748016e+03 7.984462e+14 2.390806e+14 1.166270e+13 9.864286e+14 4.925610e+12 9.298576e+10 1.789860e+13
2.622800e+02 9.554913e+02 3.799423e-11 1.042082e-05 7.816280e-08 7.747747e+03 7.899360e+14 2.355050e+14 1.146394e+13 9.778034e+14 4.913276e+12 9.102415e+10 1.776688e+13
2.627400e+02 9.558752e+02 3.758985e-11 1.031405e-05 7.736196e-08 7.747479e+03 7.815285e+14 2.319836e+14 1.126877e+13 9.692606e+14 4.900971e+12 8.910512e+10 1.763623e+13
2.632000e+02 9.562560e+02 3.719049e-11 1.020854e-05 7.657054e-08 7.747211e+03 7.732254e+14 2.285191e+14 1.107702e+13 9.607996e+14 4.888733e+12 8.722784e+10 1.750647e+13
2.636600e+02 9.566335e+02 3.679607e-11 1.010426e-05 7.578839e-08 7.746942e+03 7.650250e+14 2.251080e+14 1.088871e+13 9.524232e+14 4.876544e+12 8.539140e+10 1.737769e+13
2.641200e+02 9.570078e+02 3.640645e-11 1.000118e-05 7.501523e-08 7.746674e+03 7.569244e+14 2.217504e+14 1.070373e+13 9.441264e+14 4.864420e+12 8.359470e+10 1.724986e+13
2.645800e+02 9.573790e+02 3.602158e-11 9.899292e-06 7.425100e-08 7.746406e+03 7.489226e+14 2.184452e+14 1.052203e+13 9.359090e+14 4.852343e+12 8.183702e+10 1.712295e+13
2.650400e+02 9.577470e+02 3.564129e-11 9.798548e-06 7.349536e-08 7.746138e+03 7.410161e+14 2.151917e+14 1.034355e+13 9.277662e+14 4.840312e+12 8.011765e+10 1.699704e+13
2.655000e+02 9.581119e+02 3.526575e-11 9.698999e-06 7.274867e-08 7.745870e+03 7.332083e+14 2.119897e+14 1.016823e+13 9.197043e+14 4.828336e+12 7.843526e+10 1.687205e+13
2.659600e+02 9.584738e+02 3.489481e-11 9.600604e-06 7.201065e-08 7.745601e+03 7.254960e+14 2.088369e+14 9.996011e+12 9.117225e+14 4.816417e+12 7.678964e+10 1.674797e+13
2.664200e+02 9.588326e+02 3.452826e-11 9.503311e-06 7.128089e-08 7.745333e+03 7.178751e+14 2.057333e+14 9.826797e+12 9.038131e+14 4.804542e+12 7.517921e+10 1.662483e+13
2.668800e+02 9.591884e+02 3.416621e-11 9.407155e-06 7.055966e-08 7.745065e+03 7.103479e+14 2.026780e+14 9.660571e+12 8.959819e+14 4.792730e+12 7.360365e+10 1.650258e+13
2.673400e+02 9.595411e+02 3.380845e-11 9.312073e-06 6.984649e-08 7.744797e+03 7.029097e+14 1.996702e+14 9.497315e+12 8.882215e+14 4.780954e+12 7.206244e+10 1.638125e+13
2.678000e+02 9.598909e+02 3.345508e-11 9.218102e-06 6.914163e-08 7.744529e+03 6.955627e+14 1.967093e+14 9.336900e+12 8.805380e+14 4.769241e+12 7.055428e+10 1.626087e+13
2.682600e+02 9.602377e+02 3.310595e-11 9.125199e-06 6.844481e-08 7.744261e+03 6.883039e+14 1.937943e+14 9.179331e+12 8.729270e+14 4.757562e+12 6.907855e+10 1.614136e+13
2.687200e+02 9.605817e+02 3.276087e-11 9.033319e-06 6.775565e-08 7.743993e+03 6.811295e+14 1.909238e+14 9.024466e+12 8.653844e+14 4.745945e+12 6.763468e+10 1.602276e+13
2.691800e+02 9.609227e+02 3.242014e-11 8.942541e-06 6.707476e-08 7.743725e+03 6.740455e+14 1.880986e+14 8.872360e+12 8.579197e+14 4.734380e+12 6.622169e+10 1.590501e+13
2.696400e+02 9.612609e+02 3.208340e-11 8.852769e-06 6.640141e-08 7.743457e+03 6.670442e+14 1.853173e+14 8.722929e+12 8.505220e+14 4.722841e+12 6.483931e+10 1.578821e+13
2.701000e+02 9.615962e+02 3.175063e-11 8.764004e-06 6.573561e-08 7.743189e+03 6.601255e+14 1.825782e+14 8.576105e+12 8.431940e+14 4.711372e+12 6.348670e+10 1.567225e+13
2.705600e+02 9.619287e+02 3.142185e-11 8.676253e-06 6.507742e-08 7.742921e+03 6.532900e+14 1.798823e+14 8.431843e+12 8.359347e+14 4.699943e+12 6.216285e+10 1.555716e+13
2.710200e+02 9.622584e+02 3.109696e-11 8.589485e-06 6.442662e-08 7.742654e+03 6.465352e+14 1.772274e+14 8.290097e+12 8.287436e+14 4.688566e+12 6.086772e+10 1.544297e+13
2.714800e+02 9.625853e+02 3.077591e-11 8.503695e-06 6.378313e-08 7.742386e+03 6.398603e+14 1.746136e+14 8.150820e+12 8.216200e+14 4.677231e+12 5.959986e+10 1.532959e+13
2.719400e+02 9.629094e+02 3.045876e-11 8.418897e-06 6.314709e-08 7.742118e+03 6.332664e+14 1.720401e+14 8.014029e+12 8.145663e+14 4.665946e+12 5.835959e+10 1.521710e+13
2.724000e+02 9.632308e+02 3.014524e-11 8.335021e-06 6.251797e-08 7.741850e+03 6.267481e+14 1.695057e+14 7.879572e+12 8.075755e+14 4.654711e+12 5.714584e+10 1.510545e+13
2.728600e+02 9.635496e+02 2.983554e-11 8.252118e-06 6.189615e-08 7.741582e+03 6.203090e+14 1.670110e+14 7.747482e+12 8.006531e+14 4.643507e+12 5.595793e+10 1.499467e+13
2.733200e+02 9.638657e+02 2.952937e-11 8.170116e-06 6.128107e-08 7.741315e+03 6.139435e+14 1.645542e+14 7.617657e+12 7.937924e+14 4.632352e+12 5.479529e+10 1.488467e+13
2.737800e+02 9.641790e+02 2.922681e-11 8.089033e-06 6.067290e-08 7.741047e+03 6.076530e+14 1.621352e+14 7.490101e+12 7.869957e+14 4.621255e+12 5.365767e+10 1.477557e+13
2.742400e+02 9.644897e+02 2.892785e-11 8.008870e-06 6.007163e-08 7.740779e+03 6.014373e+14 1.597528e+14 7.364772e+12 7.802654e+14 4.610190e+12 5.254443e+10 1.466724e+13
2.747000e+02 9.647979e+02 2.863235e-11 7.929591e-06 5.947699e-08 7.740512e+03 5.952935e+14 1.574076e+14 7.241615e+12 7.735948e+14 4.599181e+12 5.145452e+10 1.455975e+13
2.751600e+02 9.651035e+02 2.834028e-11 7.851190e-06 5.888893e-08 7.740244e+03 5.892212e+14 1.550980e+14 7.120579e+12 7.669863e+14 4.588193e+12 5.038803e+10 1.445308e+13
2.756200e+02 9.654064e+02 2.805163e-11 7.773663e-06 5.830743e-08 7.739977e+03 5.832198e+14 1.528238e+14 7.001665e+12 7.604392e+14 4.577271e+12 4.934434e+10 1.434721e+13
2.760800e+02 9.657068e+02 2.776642e-11 7.697021e-06 5.773256e-08 7.739709e+03 5.772900e+14 1.505845e+14 6.884795e+12 7.539559e+14 4.566396e+12 4.832278e+10 1.424216e+13
2.765400e+02 9.660048e+02 2.748443e-11 7.621204e-06 5.716389e-08 7.739442e+03 5.714273e+14 1.483790e+14 6.769933e+12 7.475299e+14 4.555542e+12 4.732286e+10 1.413791e+13
2.770000e+02 9.663002e+02 2.720573e-11 7.546229e-06 5.660153e-08 7.739174e+03 5.656328e+14 1.462072e+14 6.657069e+12 7.411634e+14 4.544743e+12 4.634428e+10 1.403444e+13
2.774600e+02 9.665931e+02 2.693034e-11 7.472106e-06 5.604556e-08 7.738907e+03 5.599072e+14 1.440688e+14 6.546154e+12 7.348588e+14 4.533990e+12 4.538649e+10 1.393176e+13
2.779200e+02 9.668835e+02 2.665804e-11 7.398778e-06 5.549555e-08 7.738639e+03 5.542459e+14 1.419626e+14 6.437152e+12 7.286097e+14 4.523275e+12 4.444887e+10 1.382984e+13
2.783800e+02 9.671716e+02 2.638890e-11 7.326259e-06 5.495161e-08 7.738372e+03 5.486501e+14 1.398886e+14 6.330030e+12 7.224183e+14 4.512597e+12 4.353123e+10 1.372871e+13
2.788400e+02 9.674571e+02 2.612287e-11 7.254544e-06 5.441371e-08 7.738104e+03 5.431192e+14 1.378463e+14 6.224768e+12 7.162842e+14 4.501965e+12 4.263313e+10 1.362837e+13
2.793000e+02 9.677403e+02 2.585989e-11 7.183614e-06 5.388168e-08 7.737837e+03 5.376515e+14 1.358346e+14 6.121306e+12 7.102067e+14 4.491377e+12 4.175399e+10 1.352875e+13
2.797600e+02 9.680211e+02 2.559993e-11 7.113465e-06 5.335552e-08 7.737570e+03 5.322468e+14 1.338537e+14 6.019602e+12 7.041853e+14 4.480817e+12 4.089323e+10 1.342992e+13
2.802200e+02 9.682996e+02 2.534288e-11 7.044063e-06 5.283496e-08 7.737303e+03 5.269025e+14 1.319025e+14 5.919658e+12 6.982166e+14 4.470310e+12 4.005086e+10 1.333184e+13
2.806800e+02 9.685757e+02 2.508885e-11 6.975444e-06 5.232028e-08 7.737035e+03 5.216209e+14 1.299811e+14 5.821444e+12 6.923055e+14 4.459848e+12 3.922631e+10 1.323452e+13
2.811400e+02 9.688495e+02 2.483773e-11 6.907578e-06 5.181124e-08 7.736768e+03 5.163999e+14 1.280890e+14 5.724907e+12 6.864488e+14 4.449413e+12 3.841904e+10 1.313791e+13
2.816000e+02 9.691210e+02 2.458940e-11 6.840432e-06 5.130760e-08 7.736501e+03 5.112369e+14 1.262251e+14 5.630017e+12 6.806433e+14 4.439021e+12 3.762885e+10 1.304204e+13
2.820600e+02 9.693903e+02 2.434398e-11 6.774041e-06 5.080962e-08 7.736234e+03 5.061344e+14 1.243897e+14 5.536765e+12 6.748937e+14 4.428673e+12 3.685528e+10 1.294693e+13
2.825200e+02 9.696572e+02 2.410130e-11 6.708357e-06 5.031696e-08 7.735966e+03 5.010887e+14 1.225822e+14 5.445103e+12 6.691943e+14 4.418360e+12 3.609810e+10 1.285251e+13
2.829800e+02 9.699219e+02 2.386135e-11 6.643385e-06 4.982962e-08 7.735699e+03 4.961001e+14 1.208017e+14 5.355002e+12 6.635471e+14 4.408081e+12 3.535678e+10 1.275881e+13
2.834400e+02 9.701844e+02 2.362419e-11 6.579136e-06 4.934771e-08 7.735432e+03 4.911693e+14 1.190478e+14 5.266453e+12 6.579542e+14 4.397845e+12 3.463109e+10 1.266585e+13
2.839000e+02 9.704448e+02 2.338968e-11 6.515574e-06 4.887096e-08 7.735165e+03 4.862936e+14 1.173210e+14 5.179421e+12 6.524098e+14 4.387643e+12 3.392069e+10 1.257358e+13
2.843600e+02 9.707029e+02 2.315779e-11 6.452693e-06 4.839930e-08 7.734898e+03 4.814723e+14 1.156195e+14 5.093849e+12 6.469163e+14 4.377491e+12 3.322520e+10 1.248203e+13
2.848200e+02 9.709589e+02 2.292846e-11 6.390478e-06 4.793266e-08 7.734631e+03 4.767045e+14 1.139438e+14 5.009759e+12 6.414705e+14 4.367364e+12 3.254417e+10 1.239115e+13
2.852800e+02 9.712126e+02 2.270180e-11 6.328956e-06 4.747120e-08 7.734364e+03 4.719918e+14 1.122935e+14 4.927087e+12 6.360767e+14 4.357280e+12 3.187766e+10 1.230098e+13
2.857400e+02 9.714644e+02 2.247761e-11 6.268079e-06 4.701458e-08 7.734097e+03 4.673307e+14 1.106677e+14 4.845828e+12 6.307298e+14 4.347228e+12 3.122498e+10 1.221150e+13
2.862000e+02 9.717139e+02 2.225593e-11 6.207857e-06 4.656289e-08 7.733830e+03 4.627218e+14 1.090662e+14 4.765947e+12 6.254316e+14 4.337210e+12 3.058603e+10 1.212269e+13
2.866600e+02 9.719614e+02 2.203682e-11 6.148304e-06 4.611620e-08 7.733563e+03 4.581662e+14 1.074889e+14 4.687438e+12 6.201841e+14 4.327241e+12 2.996045e+10 1.203456e+13
2.871200e+02 9.722068e+02 2.182010e-11 6.089378e-06 4.567422e-08 7.733296e+03 4.536605e+14 1.059355e+14 4.610258e+12 6.149819e+14 4.317304e+12 2.934796e+10 1.194712e+13
2.875800e+02 9.724501e+02 2.160580e-11 6.031082e-06 4.523696e-08 7.733030e+03 4.492050e+14 1.044051e+14 4.534385e+12 6.098269e+14 4.307407e+12 2.874832e+10 1.186034e+13
2.880400e+02 9.726915e+02 2.139383e-11 5.973393e-06 4.480426e-08 7.732763e+03 4.447979e+14 1.028975e+14 4.459796e+12 6.047166e+14 4.297534e+12 2.816116e+10 1.177419e+13
2.885000e+02 9.729307e+02 2.118423e-11 5.916326e-06 4.437621e-08 7.732496e+03 4.404401e+14 1.014126e+14 4.386468e+12 5.996525e+14 4.287701e+12 2.758636e+10 1.168874e+13
2.889600e+02 9.731680e+02 2.097703e-11 5.859890e-06 4.395291e-08 7.732229e+03 4.361324e+14 9.995010e+13 4.314397e+12 5.946367e+14 4.277908e+12 2.702351e+10 1.160393e+13
2.894200e+02 9.734033e+02 2.077206e-11 5.804034e-06 4.353395e-08 7.731963e+03 4.318708e+14 9.850892e+13 4.243526e+12 5.896642e+14 4.268138e+12 2.647234e+10 1.151974e+13
2.898800e+02 9.736367e+02 2.056937e-11 5.748776e-06 4.311948e-08 7.731696e+03 4.276566e+14 9.708946e+13 4.173876e+12 5.847366e+14 4.258415e+12 2.593267e+10 1.143620e+13
2.903400e+02 9.738680e+02 2.036894e-11 5.694113e-06 4.270948e-08 7.731429e+03 4.234896e+14 9.569138e+13 4.105401e+12 5.798535e+14 4.248724e+12 2.540435e+10 1.135332e+13
2.908000e+02 9.740975e+02 2.017067e-11 5.640014e-06 4.230370e-08 7.731162e+03 4.193672e+14 9.431398e+13 4.038073e+12 5.750126e+14 4.239063e+12 2.488698e+10 1.127104e+13
2.912600e+02 9.743250e+02 1.997459e-11 5.586492e-06 4.190225e-08 7.730896e+03 4.152905e+14 9.295731e+13 3.971888e+12 5.702152e+14 4.229440e+12 2.438039e+10 1.118940e+13
2.917200e+02 9.745506e+02 1.978072e-11 5.533551e-06 4.150516e-08 7.730629e+03 4.112598e+14 9.162034e+13 3.906810e+12 5.654634e+14 4.219848e+12 2.388433e+10 1.110839e+13
2.921800e+02 9.747744e+02 1.958893e-11 5.481158e-06 4.111218e-08 7.730363e+03 4.072724e+14 9.030347e+13 3.842843e+12 5.607524e+14 4.210294e+12 2.339860e+10 1.102802e+13
2.926400e+02 9.749962e+02 1.939921e-11 5.429308e-06 4.072327e-08 7.730096e+03 4.033279e+14 8.900638e+13 3.779945e+12 5.560816e+14 4.200762e+12 2.292292e+10 1.094822e+13
2.931000e+02 9.752162e+02 1.921163e-11 5.378021e-06 4.033859e-08 7.729830e+03 3.994278e+14 8.772843e+13 3.718120e+12 5.514551e+14 4.191276e+12 2.245721e+10 1.086903e+13
2.935600e+02 9.754343e+02 1.902603e-11 5.327259e-06 3.995784e-08 7.729563e+03 3.955692e+14 8.646932e+13 3.657320e+12 5.468680e+14 4.181819e+12 2.200109e+10 1.079045e+13
2.940200e+02 9.756507e+02 1.884249e-11 5.277038e-06 3.958115e-08 7.729297e+03 3.917532e+14 8.522909e+13 3.597541e+12 5.423223e+14 4.172392e+12 2.155448e+10 1.071245e+13
2.944800e+02 9.758652e+02 1.866095e-11 5.227345e-06 3.920842e-08 7.729030e+03 3.879788e+14 8.400714e+13 3.538773e+12 5.378174e+14 4.162994e+12 2.111705e+10 1.063507e+13
2.949400e+02 9.760779e+02 1.848139e-11 5.178175e-06 3.883962e-08 7.728764e+03 3.842457e+14 8.280319e+13 3.480998e+12 5.333530e+14 4.153641e+12 2.068875e+10 1.055828e+13
2.954000e+02 9.762889e+02 1.830373e-11 5.129506e-06 3.847456e-08 7.728497e+03 3.805519e+14 8.161694e+13 3.424179e+12 5.289266e+14 4.144308e+12 2.026931e+10 1.048206e+13
2.958600e+02 9.764981e+02 1.812803e-11 5.081355e-06 3.811340e-08 7.728231e+03 3.768988e+14 8.044876e+13 3.368326e+12 5.245400e+14 4.135013e+12 1.985861e+10 1.040642e+13
2.963200e+02 9.767056e+02 1.795422e-11 5.033705e-06 3.775600e-08 7.727965e+03 3.732852e+14 7.929744e+13 3.313403e+12 5.201926e+14 4.125753e+12 1.945634e+10 1.033136e+13
2.967800e+02 9.769113e+02 1.778225e-11 4.986540e-06 3.740223e-08 7.727698e+03 3.697097e+14 7.816304e+13 3.259407e+12 5.158822e+14 4.116514e+12 1.906240e+10 1.025687e+13
2.972400e+02 9.771152e+02 1.761215e-11 4.939871e-06 3.705218e-08 7.727432e+03 3.661732e+14 7.704561e+13 3.206308e+12 5.116104e+14 4.107318e+12 1.867658e+10 1.018293e+13
2.977000e+02 9.773175e+02 1.744389e-11 4.893690e-06 3.670580e-08 7.727166e+03 3.626749e+14 7.594457e+13 3.154098e+12 5.073769e+14 4.098135e+12 1.829874e+10 1.010956e+13
2.981600e+02 9.775181e+02 1.727751e-11 4.848010e-06 3.636316e-08 7.726900e+03 3.592157e+14 7.485996e+13 3.102774e+12 5.031830e+14 4.089003e+12 1.792874e+10 1.003675e+13
2.986200e+02 9.777170e+02 1.711282e-11 4.802776e-06 3.602388e-08 7.726634e+03 3.557918e+14 7.379126e+13 3.052289e+12 4.990229e+14 4.079890e+12 1.756633e+10 9.964496e+12
2.990800e+02 9.779143e+02 1.694990e-11 4.758010e-06 3.568811e-08 7.726367e+03 3.524043e+14 7.273795e+13 3.002655e+12 4.948998e+14 4.070813e+12 1.721143e+10 9.892785e+12
2.995400e+02 9.781099e+02 1.678874e-11 4.713714e-06 3.535586e-08 7.726101e+03 3.490537e+14 7.170034e+13 2.953855e+12 4.908136e+14 4.061763e+12 1.686383e+10 9.821607e+12
3.000000e+02 9.783039e+02 1.662932e-11 4.669881e-06 3.502709e-08 7.725835e+03 3.457393e+14 7.067818e+13 2.905864e+12 4.867638e+14 4.052740e+12 1.652340e+10 9.750976e+12
