# Altitude_km Temperature_K Density_kg_m3 Pressure_Pa Pressure_Torr Orbital_Velocity_m_s Number_Density_per_m3 n_N2 n_O2 n_O n_He n_Ar n_N
7.000000e+01 2.232864e+02 7.977337e-05 5.113022e+00 3.835092e-02 7.862418e+03 1.658564e+21 1.310279e+21 3.357074e+20 nan 8.848956e+15 1.564405e+19 nan
7.046000e+01 2.224157e+02 7.470540e-05 4.769524e+00 3.577447e-02 7.862138e+03 1.553196e+21 1.227832e+21 3.136754e+20 nan 8.295370e+15 1.465802e+19 nan
7.092000e+01 2.215284e+02 6.994730e-05 4.447929e+00 3.336230e-02 7.861857e+03 1.454270e+21 1.150374e+21 2.930363e+20 nan 7.775073e+15 1.373176e+19 nan
7.138000e+01 2.206234e+02 6.548082e-05 4.146896e+00 3.110437e-02 7.861577e+03 1.361408e+21 1.077615e+21 2.737052e+20 nan 7.286140e+15 1.286180e+19 nan
7.184000e+01 2.196995e+02 6.128873e-05 3.865158e+00 2.899114e-02 7.861296e+03 1.274251e+21 1.009280e+21 2.556022e+20 nan 6.826751e+15 1.204483e+19 nan
7.230000e+01 2.187560e+02 5.735465e-05 3.601522e+00 2.701371e-02 7.861016e+03 1.192457e+21 9.451076e+20 2.386514e+20 nan 6.395170e+15 1.127771e+19 nan
7.276000e+01 2.177975e+02 5.357030e-05 3.349149e+00 2.512076e-02 7.860736e+03 1.113777e+21 8.832229e+20 2.224839e+20 7.359140e+12 5.979390e+15 1.053774e+19 6.240280e+10
7.322000e+01 2.168496e+02 5.011494e-05 3.119488e+00 2.339815e-02 7.860456e+03 1.041937e+21 8.266349e+20 2.077965e+20 1.146158e+13 5.599648e+15 9.860864e+18 6.517142e+10
7.368000e+01 2.159146e+02 4.686615e-05 2.904684e+00 2.178698e-02 7.860175e+03 9.743916e+20 7.734141e+20 1.940012e+20 1.779178e+13 5.242503e+15 9.224263e+18 6.806231e+10
7.414000e+01 2.149917e+02 4.381287e-05 2.703840e+00 2.028053e-02 7.859895e+03 9.109111e+20 7.233805e+20 1.810497e+20 2.750489e+13 4.906745e+15 8.625785e+18 7.108045e+10
7.460000e+01 2.140800e+02 4.094465e-05 2.516117e+00 1.887248e-02 7.859615e+03 8.512780e+20 6.763645e+20 1.688965e+20 4.231395e+13 4.591238e+15 8.063409e+18 7.423115e+10
7.506000e+01 2.131786e+02 3.825140e-05 2.340715e+00 1.755685e-02 7.859335e+03 7.952827e+20 6.322023e+20 1.574976e+20 6.473235e+13 4.294881e+15 7.535166e+18 7.751995e+10
7.552000e+01 2.122868e+02 3.572350e-05 2.176880e+00 1.632799e-02 7.859055e+03 7.427253e+20 5.907372e+20 1.468110e+20 9.840504e+13 4.016624e+15 7.039189e+18 8.095243e+10
7.598000e+01 2.114037e+02 3.335173e-05 2.023897e+00 1.518052e-02 7.858775e+03 6.934141e+20 5.518198e+20 1.367965e+20 1.485542e+14 3.755464e+15 6.573687e+18 8.453408e+10
7.644000e+01 2.105285e+02 3.112741e-05 1.881098e+00 1.410943e-02 7.858495e+03 6.471683e+20 5.153082e+20 1.274163e+20 2.225595e+14 3.510448e+15 6.136962e+18 8.827103e+10
7.690000e+01 2.096606e+02 2.904213e-05 1.747844e+00 1.310995e-02 7.858215e+03 6.038134e+20 4.810665e+20 1.186339e+20 3.307122e+14 3.280666e+15 5.727393e+18 9.216893e+10
7.736000e+01 2.087991e+02 2.708798e-05 1.623539e+00 1.217758e-02 7.857935e+03 5.631848e+20 4.489655e+20 1.104147e+20 4.871498e+14 3.065248e+15 5.343430e+18 9.623432e+10
7.782000e+01 2.079435e+02 2.525743e-05 1.507620e+00 1.130811e-02 7.857655e+03 5.251259e+20 4.188829e+20 1.027260e+20 7.110016e+14 2.863377e+15 4.983612e+18 1.004736e+11
7.828000e+01 2.070930e+02 2.354324e-05 1.399553e+00 1.049754e-02 7.857375e+03 4.894862e+20 3.907008e+20 9.553628e+19 1.027731e+15 2.674259e+15 4.646531e+18 1.048931e+11
7.874000e+01 2.062470e+02 2.193861e-05 1.298836e+00 9.742098e-03 7.857095e+03 4.561245e+20 3.643089e+20 8.881602e+19 1.470678e+15 2.497154e+15 4.330864e+18 1.094994e+11
7.920000e+01 2.054048e+02 2.043710e-05 1.205001e+00 9.038279e-03 7.856815e+03 4.249067e+20 3.396021e+20 8.253721e+19 2.082740e+15 2.331358e+15 4.035355e+18 1.142992e+11
7.966000e+01 2.045659e+02 1.903256e-05 1.117604e+00 8.382740e-03 7.856535e+03 3.957049e+20 3.164803e+20 7.667312e+19 2.918128e+15 2.176199e+15 3.758807e+18 1.192999e+11
8.012000e+01 2.037296e+02 1.771917e-05 1.036227e+00 7.772366e-03 7.856255e+03 3.683984e+20 2.948490e+20 7.119855e+19 4.044002e+15 2.031043e+15 3.500089e+18 1.245080e+11
8.058000e+01 2.028954e+02 1.649149e-05 9.604824e-01 7.204230e-03 7.855976e+03 3.428736e+20 2.746191e+20 6.608977e+19 5.542068e+15 1.895292e+15 3.258138e+18 1.299307e+11
8.104000e+01 2.020627e+02 1.534425e-05 8.899987e-01 6.675557e-03 7.855696e+03 3.190215e+20 2.557054e+20 6.132403e+19 7.509591e+15 1.768373e+15 3.031932e+18 1.355754e+11
8.150000e+01 2.012309e+02 1.427259e-05 8.244324e-01 6.183769e-03 7.855416e+03 2.967406e+20 2.380282e+20 5.688016e+19 1.005999e+16 1.649753e+15 2.820519e+18 1.414498e+11
8.196000e+01 2.003997e+02 1.327181e-05 7.634572e-01 5.726416e-03 7.855136e+03 2.759335e+20 2.215112e+20 5.273786e+19 1.332243e+16 1.538920e+15 2.622986e+18 1.475606e+11
8.242000e+01 1.995684e+02 1.233758e-05 7.067719e-01 5.301239e-03 7.854857e+03 2.565099e+20 2.060838e+20 4.887835e+19 1.744066e+16 1.435398e+15 2.438488e+18 1.539163e+11
8.288000e+01 1.987366e+02 1.146573e-05 6.540895e-01 4.906088e-03 7.854577e+03 2.383834e+20 1.916778e+20 4.528358e+19 2.257039e+16 1.338731e+15 2.266212e+18 1.605241e+11
8.334000e+01 1.979038e+02 1.065237e-05 6.051428e-01 4.538957e-03 7.854298e+03 2.214728e+20 1.782297e+20 4.193664e+19 2.887556e+16 1.248493e+15 2.105396e+18 1.673921e+11
8.380000e+01 1.970696e+02 9.893802e-06 5.596808e-01 4.197963e-03 7.854018e+03 2.057015e+20 1.656795e+20 3.882166e+19 3.652350e+16 1.164281e+15 1.955324e+18 1.745277e+11
8.426000e+01 1.962336e+02 9.186598e-06 5.174705e-01 3.881358e-03 7.853738e+03 1.909981e+20 1.539710e+20 3.592373e+19 4.567815e+16 1.085718e+15 1.815322e+18 1.819394e+11
8.472000e+01 1.953953e+02 8.527471e-06 4.782907e-01 3.587485e-03 7.853459e+03 1.772942e+20 1.430505e+20 3.322867e+19 5.649358e+16 1.012443e+15 1.684750e+18 1.896351e+11
8.518000e+01 1.945544e+02 7.913358e-06 4.419360e-01 3.314801e-03 7.853179e+03 1.645262e+20 1.328681e+20 3.072328e+19 6.910575e+16 9.441224e+14 1.563011e+18 1.976224e+11
8.564000e+01 1.937104e+02 7.341371e-06 4.082139e-01 3.061864e-03 7.852900e+03 1.526340e+20 1.233767e+20 2.839509e+19 8.362446e+16 8.804378e+14 1.449539e+18 2.059105e+11
8.610000e+01 1.928631e+02 6.808782e-06 3.769434e-01 2.827316e-03 7.852621e+03 1.415610e+20 1.145315e+20 2.623235e+19 1.001255e+17 8.210912e+14 1.343803e+18 2.145069e+11
8.656000e+01 1.920121e+02 6.313047e-06 3.479567e-01 2.609897e-03 7.852341e+03 1.312542e+20 1.062912e+20 2.422412e+19 1.186438e+17 7.658036e+14 1.245307e+18 2.234210e+11
8.702000e+01 1.911570e+02 5.851759e-06 3.210956e-01 2.408421e-03 7.852062e+03 1.216636e+20 9.861647e+19 2.236005e+19 1.391671e+17 7.143114e+14 1.153579e+18 2.326604e+11
8.748000e+01 1.902976e+02 5.422652e-06 2.962119e-01 2.221778e-03 7.851783e+03 1.127420e+20 9.147025e+19 2.063044e+19 1.616326e+17 6.663661e+14 1.068179e+18 2.422346e+11
8.794000e+01 1.894336e+02 5.023623e-06 2.731691e-01 2.048942e-03 7.851503e+03 1.044459e+20 8.481831e+19 1.902627e+19 1.859234e+17 6.217377e+14 9.886966e+17 2.521525e+11
8.840000e+01 1.885646e+02 4.652670e-06 2.518373e-01 1.888940e-03 7.851224e+03 9.673341e+19 7.862797e+19 1.753899e+19 2.118702e+17 5.802068e+14 9.147414e+17 2.624232e+11
8.886000e+01 1.876905e+02 4.307921e-06 2.320960e-01 1.740868e-03 7.850945e+03 8.956575e+19 7.286875e+19 1.616062e+19 2.392525e+17 5.415688e+14 8.459493e+17 2.730556e+11
8.932000e+01 1.868110e+02 3.987631e-06 2.138331e-01 1.603885e-03 7.850665e+03 8.290662e+19 6.751223e+19 1.488371e+19 2.678046e+17 5.056328e+14 7.819804e+17 2.840604e+11
8.978000e+01 1.859259e+02 3.690152e-06 1.969436e-01 1.477202e-03 7.850386e+03 7.672177e+19 6.253159e+19 1.370127e+19 2.972208e+17 4.722187e+14 7.225150e+17 2.954473e+11
9.024000e+01 1.850352e+02 3.413925e-06 1.813284e-01 1.360078e-03 7.850107e+03 7.097872e+19 5.790144e+19 1.260670e+19 3.271628e+17 4.411559e+14 6.672494e+17 3.072261e+11
9.070000e+01 1.841448e+02 3.157416e-06 1.668971e-01 1.251835e-03 7.849828e+03 6.564566e+19 5.359680e+19 1.159355e+19 3.572617e+17 4.122758e+14 6.158859e+17 3.193968e+11
9.116000e+01 1.832657e+02 2.919120e-06 1.535645e-01 1.151831e-03 7.849549e+03 6.069127e+19 4.959310e+19 1.065558e+19 3.871231e+17 3.854114e+14 5.681322e+17 3.319535e+11
9.162000e+01 1.824088e+02 2.697699e-06 1.412528e-01 1.059486e-03 7.849270e+03 5.608772e+19 4.586851e+19 9.787177e+18 4.163463e+17 3.604144e+14 5.237287e+17 3.448863e+11
9.208000e+01 1.815844e+02 2.491929e-06 1.298888e-01 9.742489e-04 7.848991e+03 5.180955e+19 4.240307e+19 8.983256e+18 4.445390e+17 3.371487e+14 4.824383e+17 3.581852e+11
9.254000e+01 1.808026e+02 2.300702e-06 1.194050e-01 8.956137e-04 7.848712e+03 4.783377e+19 3.917879e+19 8.239193e+18 4.713263e+17 3.154920e+14 4.440472e+17 3.718425e+11
9.300000e+01 1.800730e+02 2.123014e-06 1.097385e-01 8.231090e-04 7.848433e+03 4.413948e+19 3.617935e+19 7.550782e+18 4.963632e+17 2.953325e+14 4.083613e+17 3.858508e+11
9.346000e+01 1.794052e+02 1.957946e-06 1.008308e-01 7.562952e-04 7.848154e+03 4.070754e+19 3.338977e+19 6.914163e+18 5.193406e+17 2.765677e+14 3.752029e+17 4.002027e+11
9.392000e+01 1.788082e+02 1.804648e-06 9.262697e-02 6.947613e-04 7.847875e+03 3.752033e+19 3.079625e+19 6.325775e+18 5.399945e+17 2.591033e+14 3.444081e+17 4.148926e+11
9.438000e+01 1.782914e+02 1.662342e-06 8.507621e-02 6.381258e-04 7.847596e+03 3.456165e+19 2.838614e+19 5.782340e+18 5.581111e+17 2.428522e+14 3.158267e+17 4.299142e+11
9.484000e+01 1.778635e+02 1.530303e-06 7.813071e-02 5.860301e-04 7.847317e+03 3.181644e+19 2.614762e+19 5.280805e+18 5.735289e+17 2.277331e+14 2.893183e+17 4.452671e+11
9.530000e+01 1.775339e+02 1.407856e-06 7.174591e-02 5.381400e-04 7.847038e+03 2.927066e+19 2.406967e+19 4.818317e+18 5.861398e+17 2.136703e+14 2.647521e+17 4.609477e+11
9.576000e+01 1.773116e+02 1.294381e-06 6.588050e-02 4.941457e-04 7.846760e+03 2.691140e+19 2.214215e+19 4.392247e+18 5.958905e+17 2.005936e+14 2.420073e+17 4.769563e+11
9.622000e+01 1.772064e+02 1.189286e-06 6.049553e-02 4.537550e-04 7.846481e+03 2.472638e+19 2.035538e+19 4.000091e+18 6.027760e+17 1.884362e+14 2.209686e+17 4.932949e+11
9.668000e+01 1.772279e+02 1.092024e-06 5.555483e-02 4.166967e-04 7.846202e+03 2.270422e+19 1.870035e+19 3.639528e+18 6.068404e+17 1.771356e+14 2.015290e+17 5.099684e+11
9.714000e+01 1.773866e+02 1.002077e-06 5.102458e-02 3.827169e-04 7.845923e+03 2.083413e+19 1.716852e+19 3.308356e+18 6.081676e+17 1.666328e+14 1.835864e+17 5.269823e+11
9.760000e+01 1.776936e+02 9.189602e-07 4.687336e-02 3.515800e-04 7.845645e+03 1.910605e+19 1.575190e+19 3.004518e+18 6.068787e+17 1.568722e+14 1.670452e+17 5.443410e+11
9.806000e+01 1.781608e+02 8.422130e-07 4.307167e-02 3.230649e-04 7.845366e+03 1.751040e+19 1.444286e+19 2.726061e+18 6.031225e+17 1.478006e+14 1.518142e+17 5.620527e+11
9.852000e+01 1.788012e+02 7.714053e-07 3.959229e-02 2.969674e-04 7.845087e+03 1.603825e+19 1.323425e+19 2.471158e+18 5.970729e+17 1.393686e+14 1.378073e+17 5.801238e+11
9.898000e+01 1.796290e+02 7.061275e-07 3.640971e-02 2.730960e-04 7.844809e+03 1.468106e+19 1.211924e+19 2.238075e+18 5.889184e+17 1.315284e+14 1.249426e+17 5.985615e+11
9.944000e+01 1.806601e+02 6.459968e-07 3.350041e-02 2.512744e-04 7.844530e+03 1.343088e+19 1.109145e+19 2.025193e+18 5.788591e+17 1.242356e+14 1.131428e+17 6.173687e+11
9.990000e+01 1.819120e+02 5.906490e-07 3.084241e-02 2.313378e-04 7.844252e+03 1.228015e+19 1.014478e+19 1.830976e+18 5.670997e+17 1.174477e+14 1.023341e+17 6.365481e+11
1.003600e+02 1.834027e+02 5.397470e-07 2.841538e-02 2.131334e-04 7.843973e+03 1.122185e+19 9.273598e+18 1.654001e+18 5.538507e+17 1.111257e+14 9.244779e+16 6.561034e+11
1.008200e+02 1.851355e+02 4.930143e-07 2.620033e-02 1.965192e-04 7.843695e+03 1.025023e+19 8.473268e+18 1.493054e+18 5.393648e+17 1.052397e+14 8.342580e+16 6.760941e+11
1.012800e+02 1.871074e+02 4.501938e-07 2.417954e-02 1.813620e-04 7.843416e+03 9.359954e+18 7.739487e+18 1.347002e+18 5.239013e+17 9.976349e+13 7.521340e+16 6.966034e+11
1.017400e+02 1.893161e+02 4.110244e-07 2.233637e-02 1.675370e-04 7.843138e+03 8.545585e+18 7.067871e+18 1.214715e+18 5.076969e+17 9.467025e+13 6.775497e+16 7.177196e+11
1.022000e+02 1.917598e+02 3.752490e-07 2.065544e-02 1.549290e-04 7.842860e+03 7.801781e+18 6.454093e+18 1.095102e+18 4.909673e+17 8.993365e+13 6.099559e+16 7.395289e+11
1.026600e+02 1.944373e+02 3.426140e-07 1.912239e-02 1.434301e-04 7.842581e+03 7.123269e+18 5.893875e+18 9.871055e+17 4.739029e+17 8.552786e+13 5.488109e+16 7.621188e+11
1.031200e+02 1.973477e+02 3.128777e-07 1.772410e-02 1.329420e-04 7.842303e+03 6.505022e+18 5.383134e+18 8.897263e+17 4.566734e+17 8.142832e+13 4.935968e+16 7.855727e+11
1.035800e+02 2.004900e+02 2.858075e-07 1.644841e-02 1.233735e-04 7.842025e+03 5.942209e+18 4.917937e+18 8.020182e+17 4.394256e+17 7.761159e+13 4.438150e+16 8.099820e+11
1.040400e+02 2.038632e+02 2.611831e-07 1.528415e-02 1.146409e-04 7.841746e+03 5.430244e+18 4.494548e+18 7.230950e+17 4.222846e+17 7.405559e+13 3.989931e+16 8.354351e+11
1.045000e+02 2.074656e+02 2.387986e-07 1.422117e-02 1.066679e-04 7.841468e+03 4.964849e+18 4.109479e+18 6.521362e+17 4.053587e+17 7.073994e+13 3.586886e+16 8.620255e+11
1.049600e+02 2.112953e+02 2.184605e-07 1.325013e-02 9.938445e-05 7.841190e+03 4.542001e+18 3.759447e+18 5.883808e+17 3.887375e+17 6.764566e+13 3.224863e+16 8.898458e+11
1.054200e+02 2.153489e+02 1.999897e-07 1.236254e-02 9.272693e-05 7.840912e+03 4.157974e+18 3.441405e+18 5.311296e+17 3.724954e+17 6.475544e+13 2.900013e+16 9.189997e+11
1.058800e+02 2.196219e+02 1.832201e-07 1.155065e-02 8.663721e-05 7.840634e+03 3.809319e+18 3.152533e+18 4.797423e+17 3.566930e+17 6.205339e+13 2.608775e+16 9.495947e+11
1.063400e+02 2.241084e+02 1.679988e-07 1.080742e-02 8.106251e-05 7.840356e+03 3.492854e+18 2.890226e+18 4.336343e+17 3.413793e+17 5.952514e+13 2.347871e+16 9.817440e+11
1.068000e+02 2.288000e+02 1.541853e-07 1.012643e-02 7.595471e-05 7.840077e+03 3.205659e+18 2.652091e+18 3.922735e+17 3.265921e+17 5.715770e+13 2.114295e+16 1.015576e+12
1.072600e+02 2.336857e+02 1.416514e-07 9.501901e-03 7.127031e-05 7.839799e+03 2.945066e+18 2.435939e+18 3.551787e+17 3.123611e+17 5.493946e+13 1.905307e+16 1.051226e+12
1.077200e+02 2.387518e+02 1.302796e-07 8.928540e-03 6.696974e-05 7.839521e+03 2.708635e+18 2.239767e+18 3.219142e+17 2.987082e+17 5.285999e+13 1.718412e+16 1.088851e+12
1.081800e+02 2.439807e+02 1.199628e-07 8.401559e-03 6.301705e-05 7.839243e+03 2.494141e+18 2.061746e+18 2.920855e+17 2.856487e+17 5.091006e+13 1.551339e+16 1.128626e+12
1.086400e+02 2.493509e+02 1.106040e-07 7.916612e-03 5.937963e-05 7.838965e+03 2.299562e+18 1.900213e+18 2.653386e+17 2.731924e+17 4.908146e+13 1.402037e+16 1.170747e+12
1.091000e+02 2.548360e+02 1.021147e-07 7.469760e-03 5.602796e-05 7.838687e+03 2.123061e+18 1.753656e+18 2.413544e+17 2.613451e+17 4.736700e+13 1.268652e+16 1.215440e+12
1.095600e+02 2.604043e+02 9.441504e-08 7.057435e-03 5.293526e-05 7.838410e+03 1.962978e+18 1.620703e+18 2.198469e+17 2.501088e+17 4.576038e+13 1.149517e+16 1.262959e+12
1.100200e+02 2.660183e+02 8.743247e-08 6.676391e-03 5.007719e-05 7.838132e+03 1.817804e+18 1.500111e+18 2.005589e+17 2.394828e+17 4.425613e+13 1.043127e+16 1.313602e+12
1.104800e+02 2.716425e+02 8.109895e-08 6.323690e-03 4.743171e-05 7.837854e+03 1.686124e+18 1.390711e+18 1.832546e+17 2.294565e+17 4.284859e+13 9.481014e+15 1.367670e+12
1.109400e+02 2.772660e+02 7.534560e-08 5.996697e-03 4.497905e-05 7.837576e+03 1.566506e+18 1.291318e+18 1.677071e+17 2.199957e+17 4.152993e+13 8.631101e+15 1.425347e+12
1.114000e+02 2.828843e+02 7.010983e-08 5.693054e-03 4.270153e-05 7.837298e+03 1.457650e+18 1.200858e+18 1.537134e+17 2.110630e+17 4.029250e+13 7.869671e+15 1.486807e+12
1.118600e+02 2.884933e+02 6.533670e-08 5.410662e-03 4.058341e-05 7.837021e+03 1.358412e+18 1.118384e+18 1.410965e+17 2.026230e+17 3.912944e+13 7.186381e+15 1.552227e+12
1.123200e+02 2.940896e+02 6.097769e-08 5.147640e-03 3.861058e-05 7.836743e+03 1.267784e+18 1.043062e+18 1.297016e+17 1.946433e+17 3.803464e+13 6.572206e+15 1.621789e+12
1.127800e+02 2.996703e+02 5.699009e-08 4.902309e-03 3.677044e-05 7.836465e+03 1.184878e+18 9.741556e+17 1.193933e+17 1.870933e+17 3.700259e+13 6.019257e+15 1.695692e+12
1.132400e+02 3.052336e+02 5.333603e-08 4.673159e-03 3.505167e-05 7.836187e+03 1.108906e+18 9.110125e+17 1.100525e+17 1.799444e+17 3.602828e+13 5.520618e+15 1.774126e+12
1.137000e+02 3.107780e+02 4.998205e-08 4.458840e-03 3.344414e-05 7.835910e+03 1.039174e+18 8.530561e+17 1.015747e+17 1.731702e+17 3.510722e+13 5.070242e+15 1.857305e+12
1.141600e+02 3.163034e+02 4.689831e-08 4.258126e-03 3.193866e-05 7.835632e+03 9.750601e+17 7.997720e+17 9.386760e+16 1.667457e+17 3.423525e+13 4.662793e+15 1.945433e+12
1.146200e+02 3.218103e+02 4.405847e-08 4.069929e-03 3.052706e-05 7.835355e+03 9.160172e+17 7.507059e+17 8.685031e+16 1.606475e+17 3.340864e+13 4.293606e+15 2.038725e+12
1.150800e+02 3.273004e+02 4.143895e-08 3.893255e-03 2.920189e-05 7.835077e+03 8.615550e+17 7.054509e+17 8.045098e+16 1.548539e+17 3.262393e+13 3.958558e+15 2.137395e+12
1.155400e+02 3.327767e+02 3.901874e-08 3.727209e-03 2.795644e-05 7.834800e+03 8.112364e+17 6.636440e+17 7.460618e+16 1.493444e+17 3.187791e+13 3.654015e+15 2.241657e+12
1.160000e+02 3.382433e+02 3.677908e-08 3.570981e-03 2.678463e-05 7.834522e+03 7.646718e+17 6.249619e+17 6.925971e+16 1.440998e+17 3.116768e+13 3.376772e+15 2.351728e+12
1.164600e+02 3.437055e+02 3.470319e-08 3.423840e-03 2.568098e-05 7.834245e+03 7.215122e+17 5.891147e+17 6.436169e+16 1.391022e+17 3.049048e+13 3.123994e+15 2.467817e+12
1.169200e+02 3.491700e+02 3.277606e-08 3.285120e-03 2.464049e-05 7.833967e+03 6.814454e+17 5.558429e+17 5.986789e+16 1.343348e+17 2.984378e+13 2.893174e+15 2.590134e+12
1.173800e+02 3.546451e+02 3.098419e-08 3.154217e-03 2.365864e-05 7.833690e+03 6.441905e+17 5.249135e+17 5.573887e+16 1.297818e+17 2.922520e+13 2.682084e+15 2.718871e+12
1.178400e+02 3.601404e+02 2.931545e-08 3.030582e-03 2.273129e-05 7.833412e+03 6.094959e+17 4.961172e+17 5.193954e+16 1.254283e+17 2.863253e+13 2.488753e+15 2.854217e+12
1.183000e+02 3.656674e+02 2.775893e-08 2.913712e-03 2.185470e-05 7.833135e+03 5.771345e+17 4.692656e+17 4.843852e+16 1.212604e+17 2.806366e+13 2.311423e+15 2.996348e+12
1.187600e+02 3.712389e+02 2.630488e-08 2.803156e-03 2.102546e-05 7.832858e+03 5.469033e+17 4.441898e+17 4.520799e+16 1.172651e+17 2.751664e+13 2.148540e+15 3.145409e+12
1.192200e+02 3.768697e+02 2.494439e-08 2.698495e-03 2.024043e-05 7.832580e+03 5.186175e+17 4.207366e+17 4.222284e+16 1.134302e+17 2.698961e+13 1.998709e+15 3.301535e+12
1.196800e+02 3.825765e+02 2.366949e-08 2.599350e-03 1.949678e-05 7.832303e+03 4.921110e+17 3.987678e+17 3.946072e+16 1.097440e+17 2.648080e+13 1.860692e+15 3.464832e+12
1.201400e+02 3.883782e+02 2.247294e-08 2.505372e-03 1.879189e-05 7.832026e+03 4.672336e+17 3.781586e+17 3.690150e+16 1.061958e+17 2.598853e+13 1.733377e+15 3.635369e+12
1.206000e+02 3.942956e+02 2.134819e-08 2.416243e-03 1.812336e-05 7.831749e+03 4.438491e+17 3.587961e+17 3.452717e+16 1.027754e+17 2.551119e+13 1.615775e+15 3.813184e+12
1.210600e+02 4.003523e+02 2.028930e-08 2.331669e-03 1.748901e-05 7.831472e+03 4.218338e+17 3.405777e+17 3.232148e+16 9.947310e+16 2.504726e+13 1.506998e+15 3.998269e+12
1.215200e+02 4.065742e+02 1.929091e-08 2.251386e-03 1.688683e-05 7.831194e+03 4.010762e+17 3.234108e+17 3.026988e+16 9.628000e+16 2.459526e+13 1.406249e+15 4.190557e+12
1.219800e+02 4.129903e+02 1.834806e-08 2.175142e-03 1.631495e-05 7.830917e+03 3.814736e+17 3.072102e+17 2.835915e+16 9.318750e+16 2.415378e+13 1.312811e+15 4.389943e+12
1.224400e+02 4.196324e+02 1.745638e-08 2.102717e-03 1.577171e-05 7.830640e+03 3.629346e+17 2.919002e+17 2.657750e+16 9.018773e+16 2.372147e+13 1.226045e+15 4.596234e+12
1.229000e+02 4.265365e+02 1.661175e-08 2.033898e-03 1.525553e-05 7.830363e+03 3.453740e+17 2.774100e+17 2.491415e+16 8.727301e+16 2.329699e+13 1.145370e+15 4.809160e+12
1.233600e+02 4.337424e+02 1.581047e-08 1.968495e-03 1.476497e-05 7.830086e+03 3.287147e+17 2.636760e+17 2.335938e+16 8.443622e+16 2.287906e+13 1.070262e+15 5.028399e+12
1.238200e+02 4.424368e+02 1.501440e-08 1.906851e-03 1.430260e-05 7.829809e+03 3.121636e+17 2.500657e+17 2.185463e+16 8.147264e+16 2.243133e+13 9.976234e+14 5.241204e+12
1.242800e+02 4.500617e+02 1.430355e-08 1.847879e-03 1.386027e-05 7.829532e+03 2.973844e+17 2.379015e+17 2.051193e+16 7.884216e+16 2.203436e+13 9.333732e+14 5.475477e+12
1.247400e+02 4.576276e+02 1.363979e-08 1.791751e-03 1.343927e-05 7.829255e+03 2.835842e+17 2.265486e+17 1.927145e+16 7.634710e+16 2.165464e+13 8.743233e+14 5.720861e+12
1.252000e+02 4.651348e+02 1.301915e-08 1.738277e-03 1.303819e-05 7.828978e+03 2.706805e+17 2.159387e+17 1.812384e+16 7.397801e+16 2.129108e+13 8.199705e+14 5.977703e+12
1.256600e+02 4.725840e+02 1.243805e-08 1.687286e-03 1.265572e-05 7.828701e+03 2.585988e+17 2.060096e+17 1.706068e+16 7.172627e+16 2.094264e+13 7.698654e+14 6.246344e+12
1.261200e+02 4.799754e+02 1.189328e-08 1.638620e-03 1.229070e-05 7.828425e+03 2.472726e+17 1.967064e+17 1.607453e+16 6.958407e+16 2.060842e+13 7.236123e+14 6.527145e+12
1.265800e+02 4.873094e+02 1.138196e-08 1.592133e-03 1.194201e-05 7.828148e+03 2.366417e+17 1.879788e+17 1.515867e+16 6.754415e+16 2.028755e+13 6.808553e+14 6.820473e+12
1.270400e+02 4.945867e+02 1.090145e-08 1.547691e-03 1.160867e-05 7.827871e+03 2.266515e+17 1.797815e+17 1.430707e+16 6.559995e+16 1.997923e+13 6.412781e+14 7.126679e+12
1.275000e+02 5.018076e+02 1.044938e-08 1.505170e-03 1.128973e-05 7.827594e+03 2.172526e+17 1.720735e+17 1.351431e+16 6.374533e+16 1.968273e+13 6.045962e+14 7.446145e+12
1.279600e+02 5.089725e+02 1.002362e-08 1.464456e-03 1.098435e-05 7.827318e+03 2.084005e+17 1.648179e+17 1.277551e+16 6.197475e+16 1.939738e+13 5.705561e+14 7.779230e+12
1.284200e+02 5.160820e+02 9.622186e-09 1.425443e-03 1.069173e-05 7.827041e+03 2.000544e+17 1.579807e+17 1.208626e+16 6.028300e+16 1.912254e+13 5.389291e+14 8.126283e+12
1.288800e+02 5.231365e+02 9.243316e-09 1.388035e-03 1.041115e-05 7.826764e+03 1.921773e+17 1.515314e+17 1.144258e+16 5.866536e+16 1.885764e+13 5.095099e+14 8.487698e+12
1.293400e+02 5.301362e+02 8.885402e-09 1.352141e-03 1.014192e-05 7.826488e+03 1.847359e+17 1.454421e+17 1.084088e+16 5.711748e+16 1.860213e+13 4.821142e+14 8.863830e+12
1.298000e+02 5.370819e+02 8.546938e-09 1.317676e-03 9.883410e-06 7.826211e+03 1.776989e+17 1.396870e+17 1.027786e+16 5.563519e+16 1.835551e+13 4.565734e+14 9.255038e+12
1.302600e+02 5.439736e+02 8.226597e-09 1.284564e-03 9.635045e-06 7.825934e+03 1.710387e+17 1.342431e+17 9.750576e+15 5.421484e+16 1.811731e+13 4.327383e+14 9.661707e+12
1.307200e+02 5.508123e+02 7.923118e-09 1.252729e-03 9.396269e-06 7.825658e+03 1.647291e+17 1.290887e+17 9.256287e+15 5.285278e+16 1.788709e+13 4.104701e+14 1.008417e+13
1.311800e+02 5.575978e+02 7.635382e-09 1.222107e-03 9.166582e-06 7.825381e+03 1.587468e+17 1.242045e+17 8.792561e+15 5.154588e+16 1.766445e+13 3.896465e+14 1.052279e+13
1.316400e+02 5.643311e+02 7.362326e-09 1.192632e-03 8.945502e-06 7.825105e+03 1.530697e+17 1.195722e+17 8.357122e+15 5.029101e+16 1.744900e+13 3.701531e+14 1.097793e+13
1.321000e+02 5.710121e+02 7.103005e-09 1.164247e-03 8.732593e-06 7.824828e+03 1.476782e+17 1.151754e+17 7.947928e+15 4.908541e+16 1.724039e+13 3.518887e+14 1.144994e+13
1.325600e+02 5.776414e+02 6.856535e-09 1.136896e-03 8.527441e-06 7.824552e+03 1.425539e+17 1.109991e+17 7.563107e+15 4.792644e+16 1.703828e+13 3.347601e+14 1.193910e+13
1.330200e+02 5.842196e+02 6.622091e-09 1.110526e-03 8.329655e-06 7.824275e+03 1.376795e+17 1.070288e+17 7.200916e+15 4.681162e+16 1.684236e+13 3.186812e+14 1.244580e+13
1.334800e+02 5.907468e+02 6.398933e-09 1.085092e-03 8.138881e-06 7.823999e+03 1.330399e+17 1.032520e+17 6.859796e+15 4.573868e+16 1.665235e+13 3.035755e+14 1.297033e+13
1.339400e+02 5.972236e+02 6.186354e-09 1.060545e-03 7.954766e-06 7.823723e+03 1.286201e+17 9.965632e+16 6.538272e+15 4.470542e+16 1.646796e+13 2.893712e+14 1.351300e+13
1.344000e+02 6.036503e+02 5.983722e-09 1.036846e-03 7.777007e-06 7.823446e+03 1.244072e+17 9.623104e+16 6.235034e+15 4.370991e+16 1.628893e+13 2.760039e+14 1.407410e+13
1.348600e+02 6.100274e+02 5.790428e-09 1.013952e-03 7.605288e-06 7.823170e+03 1.203885e+17 9.296563e+16 5.948830e+15 4.275016e+16 1.611503e+13 2.634135e+14 1.465395e+13
1.353200e+02 6.163552e+02 5.605929e-09 9.918278e-04 7.439341e-06 7.822894e+03 1.165526e+17 8.985075e+16 5.678542e+15 4.182447e+16 1.594602e+13 2.515459e+14 1.525279e+13
1.357800e+02 6.226341e+02 5.429711e-09 9.704366e-04 7.278893e-06 7.822618e+03 1.128888e+17 8.687756e+16 5.423125e+15 4.093116e+16 1.578170e+13 2.403510e+14 1.587086e+13
1.362400e+02 6.288646e+02 5.261292e-09 9.497451e-04 7.123694e-06 7.822341e+03 1.093872e+17 8.403776e+16 5.181610e+15 4.006866e+16 1.562185e+13 2.297824e+14 1.650846e+13
1.367000e+02 6.350467e+02 5.100239e-09 9.297233e-04 6.973517e-06 7.822065e+03 1.060388e+17 8.132392e+16 4.953116e+15 3.923554e+16 1.546629e+13 2.197982e+14 1.716577e+13
1.371600e+02 6.411813e+02 4.946125e-09 9.103396e-04 6.828127e-06 7.821789e+03 1.028346e+17 7.872873e+16 4.736798e+15 3.843035e+16 1.531483e+13 2.103588e+14 1.784303e+13
1.376200e+02 6.472682e+02 4.798579e-09 8.915681e-04 6.687329e-06 7.821513e+03 9.976700e+16 7.624577e+16 4.531913e+15 3.765186e+16 1.516732e+13 2.014288e+14 1.854042e+13
1.380800e+02 6.533085e+02 4.657229e-09 8.733804e-04 6.550909e-06 7.821237e+03 9.682819e+16 7.386868e+16 4.337733e+15 3.689876e+16 1.502358e+13 1.929743e+14 1.925813e+13
1.385400e+02 6.593019e+02 4.521754e-09 8.557536e-04 6.418697e-06 7.820961e+03 9.401153e+16 7.159193e+16 4.153620e+15 3.616998e+16 1.488347e+13 1.849654e+14 1.999628e+13
1.390000e+02 6.652493e+02 4.391826e-09 8.386621e-04 6.290501e-06 7.820685e+03 9.131021e+16 6.940991e+16 3.978944e+15 3.546435e+16 1.474683e+13 1.773730e+14 2.075507e+13
1.394600e+02 6.711506e+02 4.267160e-09 8.220845e-04 6.166158e-06 7.820409e+03 8.871830e+16 6.731773e+16 3.813147e+15 3.478089e+16 1.461353e+13 1.701712e+14 2.153459e+13
1.399200e+02 6.770064e+02 4.147485e-09 8.060001e-04 6.045515e-06 7.820133e+03 8.623013e+16 6.531072e+16 3.655705e+15 3.411862e+16 1.448346e+13 1.633358e+14 2.233488e+13
1.403800e+02 6.828171e+02 4.032538e-09 7.903880e-04 5.928414e-06 7.819857e+03 8.384028e+16 6.338438e+16 3.506117e+15 3.347660e+16 1.435647e+13 1.568441e+14 2.315611e+13
1.408400e+02 6.885828e+02 3.922083e-09 7.752298e-04 5.814717e-06 7.819581e+03 8.154382e+16 6.153468e+16 3.363931e+15 3.285397e+16 1.423246e+13 1.506752e+14 2.399824e+13
1.413000e+02 6.943042e+02 3.815888e-09 7.605065e-04 5.704284e-06 7.819305e+03 7.933592e+16 5.975762e+16 3.228711e+15 3.224988e+16 1.411132e+13 1.448095e+14 2.486135e+13
1.417600e+02 6.999812e+02 3.713750e-09 7.462022e-04 5.596992e-06 7.819029e+03 7.721237e+16 5.804974e+16 3.100070e+15 3.166360e+16 1.399294e+13 1.392294e+14 2.574544e+13
1.422200e+02 7.056147e+02 3.615459e-09 7.322993e-04 5.492712e-06 7.818754e+03 7.516883e+16 5.640745e+16 2.977623e+15 3.109434e+16 1.387721e+13 1.339175e+14 2.665051e+13
1.426800e+02 7.112046e+02 3.520836e-09 7.187831e-04 5.391331e-06 7.818478e+03 7.320150e+16 5.482764e+16 2.861030e+15 3.054142e+16 1.376405e+13 1.288587e+14 2.757641e+13
1.431400e+02 7.167516e+02 3.429698e-09 7.056382e-04 5.292736e-06 7.818202e+03 7.130666e+16 5.330723e+16 2.749958e+15 3.000415e+16 1.365337e+13 1.240380e+14 2.852319e+13
1.436000e+02 7.222557e+02 3.341884e-09 6.928511e-04 5.196825e-06 7.817926e+03 6.948093e+16 5.184342e+16 2.644107e+15 2.948193e+16 1.354508e+13 1.194420e+14 2.949075e+13
1.440600e+02 7.277174e+02 3.257238e-09 6.804087e-04 5.103499e-06 7.817651e+03 6.772106e+16 5.043357e+16 2.543191e+15 2.897416e+16 1.343910e+13 1.150582e+14 3.047886e+13
1.445200e+02 7.331371e+02 3.175608e-09 6.682972e-04 5.012655e-06 7.817375e+03 6.602390e+16 4.907506e+16 2.446939e+15 2.848023e+16 1.333535e+13 1.108745e+14 3.148752e+13
1.449800e+02 7.385148e+02 3.096861e-09 6.565056e-04 4.924211e-06 7.817099e+03 6.438666e+16 4.776563e+16 2.355104e+15 2.799965e+16 1.323375e+13 1.068801e+14 3.251640e+13
1.454400e+02 7.438514e+02 3.020859e-09 6.450214e-04 4.838072e-06 7.816824e+03 6.280651e+16 4.650290e+16 2.267446e+15 2.753185e+16 1.313423e+13 1.030643e+14 3.356543e+13
1.459000e+02 7.491465e+02 2.947484e-09 6.338343e-04 4.754161e-06 7.816548e+03 6.128097e+16 4.528486e+16 2.183747e+15 2.707640e+16 1.303674e+13 9.941779e+13 3.463433e+13
1.463600e+02 7.544012e+02 2.876613e-09 6.229329e-04 4.672394e-06 7.816272e+03 5.980750e+16 4.410943e+16 2.103796e+15 2.663277e+16 1.294119e+13 9.593124e+13 3.572289e+13
1.468200e+02 7.596154e+02 2.808138e-09 6.123076e-04 4.592697e-06 7.815997e+03 5.838384e+16 4.297473e+16 2.027398e+15 2.620055e+16 1.284753e+13 9.259623e+13 3.683076e+13
1.472800e+02 7.647892e+02 2.741956e-09 6.019491e-04 4.515002e-06 7.815721e+03 5.700786e+16 4.187902e+16 1.954373e+15 2.577934e+16 1.275570e+13 8.940496e+13 3.795768e+13
1.477400e+02 7.699233e+02 2.677965e-09 5.918475e-04 4.439234e-06 7.815446e+03 5.567741e+16 4.082052e+16 1.884543e+15 2.536869e+16 1.266564e+13 8.634975e+13 3.910334e+13
1.482000e+02 7.750178e+02 2.616073e-09 5.819947e-04 4.365331e-06 7.815171e+03 5.439063e+16 3.979771e+16 1.817748e+15 2.496826e+16 1.257731e+13 8.342376e+13 4.026733e+13
1.486600e+02 7.800732e+02 2.556187e-09 5.723815e-04 4.293226e-06 7.814895e+03 5.314555e+16 3.880899e+16 1.753834e+15 2.457764e+16 1.249063e+13 8.062022e+13 4.144937e+13
1.491200e+02 7.850897e+02 2.498228e-09 5.630005e-04 4.222863e-06 7.814620e+03 5.194051e+16 3.785296e+16 1.692656e+15 2.419652e+16 1.240557e+13 7.793308e+13 4.264894e+13
1.495800e+02 7.900676e+02 2.442111e-09 5.538436e-04 4.154180e-06 7.814344e+03 5.077379e+16 3.692822e+16 1.634077e+15 2.382453e+16 1.232208e+13 7.535642e+13 4.386570e+13
1.500400e+02 7.950071e+02 2.387763e-09 5.449037e-04 4.087125e-06 7.814069e+03 4.964385e+16 3.603351e+16 1.577969e+15 2.346139e+16 1.224011e+13 7.288486e+13 4.509918e+13
1.505000e+02 7.999087e+02 2.335109e-09 5.361733e-04 4.021642e-06 7.813794e+03 4.854914e+16 3.516754e+16 1.524211e+15 2.310676e+16 1.215962e+13 7.051310e+13 4.634886e+13
1.509600e+02 8.047727e+02 2.284082e-09 5.276458e-04 3.957679e-06 7.813518e+03 4.748822e+16 3.432916e+16 1.472687e+15 2.276037e+16 1.208056e+13 6.823634e+13 4.761433e+13
1.514200e+02 8.095991e+02 2.234618e-09 5.193151e-04 3.895194e-06 7.813243e+03 4.645983e+16 3.351730e+16 1.423291e+15 2.242196e+16 1.200290e+13 6.605011e+13 4.889497e+13
1.518800e+02 8.143885e+02 2.186653e-09 5.111743e-04 3.834133e-06 7.812968e+03 4.546258e+16 3.273082e+16 1.375919e+15 2.209123e+16 1.192659e+13 6.394990e+13 5.019038e+13
1.523400e+02 8.191410e+02 2.140129e-09 5.032180e-04 3.774456e-06 7.812693e+03 4.449531e+16 3.196879e+16 1.330475e+15 2.176795e+16 1.185160e+13 6.193178e+13 5.149977e+13
1.528000e+02 8.238571e+02 2.094988e-09 4.954400e-04 3.716116e-06 7.812418e+03 4.355679e+16 3.123018e+16 1.286866e+15 2.145186e+16 1.177789e+13 5.999175e+13 5.282284e+13
1.532600e+02 8.285367e+02 2.051180e-09 4.878352e-04 3.659075e-06 7.812143e+03 4.264597e+16 3.051414e+16 1.245008e+15 2.114276e+16 1.170543e+13 5.812630e+13 5.415880e+13
1.537200e+02 8.331806e+02 2.008650e-09 4.803977e-04 3.603289e-06 7.811867e+03 4.176173e+16 2.981974e+16 1.204817e+15 2.084039e+16 1.163418e+13 5.633190e+13 5.550711e+13
1.541800e+02 8.377887e+02 1.967352e-09 4.731231e-04 3.548725e-06 7.811592e+03 4.090311e+16 2.914618e+16 1.166216e+15 2.054456e+16 1.156411e+13 5.460533e+13 5.686711e+13
1.546400e+02 8.423615e+02 1.927238e-09 4.660059e-04 3.495341e-06 7.811317e+03 4.006911e+16 2.849266e+16 1.129131e+15 2.025506e+16 1.149518e+13 5.294349e+13 5.823819e+13
1.551000e+02 8.468991e+02 1.888265e-09 4.590417e-04 3.443105e-06 7.811042e+03 3.925881e+16 2.785842e+16 1.093493e+15 1.997169e+16 1.142738e+13 5.134346e+13 5.961964e+13
1.555600e+02 8.514018e+02 1.850392e-09 4.522262e-04 3.391985e-06 7.810767e+03 3.847139e+16 2.724278e+16 1.059237e+15 1.969427e+16 1.136067e+13 4.980255e+13 6.101081e+13
1.560200e+02 8.558701e+02 1.813575e-09 4.455544e-04 3.341942e-06 7.810492e+03 3.770593e+16 2.664498e+16 1.026298e+15 1.942261e+16 1.129502e+13 4.831802e+13 6.241095e+13
1.564800e+02 8.603038e+02 1.777779e-09 4.390230e-04 3.292952e-06 7.810218e+03 3.696172e+16 2.606444e+16 9.946187e+14 1.915658e+16 1.123040e+13 4.688753e+13 6.381943e+13
1.569400e+02 8.647037e+02 1.742966e-09 4.326271e-04 3.244979e-06 7.809943e+03 3.623790e+16 2.550047e+16 9.641407e+14 1.889595e+16 1.116679e+13 4.550859e+13 6.523557e+13
1.574000e+02 8.690697e+02 1.709101e-09 4.263633e-04 3.197997e-06 7.809668e+03 3.553383e+16 2.495251e+16 9.348133e+14 1.864060e+16 1.110416e+13 4.417908e+13 6.665857e+13
1.578600e+02 8.734023e+02 1.676150e-09 4.202277e-04 3.151976e-06 7.809393e+03 3.484874e+16 2.441995e+16 9.065830e+14 1.839037e+16 1.104250e+13 4.289679e+13 6.808773e+13
1.583200e+02 8.777017e+02 1.644081e-09 4.142167e-04 3.106889e-06 7.809118e+03 3.418199e+16 2.390227e+16 8.794026e+14 1.814512e+16 1.098177e+13 4.165976e+13 6.952229e+13
1.587800e+02 8.819679e+02 1.612865e-09 4.083271e-04 3.062713e-06 7.808843e+03 3.353298e+16 2.339895e+16 8.532274e+14 1.790470e+16 1.092195e+13 4.046609e+13 7.096156e+13
1.592400e+02 8.862016e+02 1.582469e-09 4.025551e-04 3.019420e-06 7.808569e+03 3.290103e+16 2.290946e+16 8.280118e+14 1.766898e+16 1.086302e+13 3.931390e+13 7.240471e+13
1.597000e+02 8.904026e+02 1.552869e-09 3.968979e-04 2.976987e-06 7.808294e+03 3.228562e+16 2.243335e+16 8.037162e+14 1.743783e+16 1.080497e+13 3.820156e+13 7.385104e+13
1.601600e+02 8.945715e+02 1.523797e-09 3.912908e-04 2.934930e-06 7.808019e+03 3.168117e+16 2.196499e+16 7.802995e+14 1.721112e+16 1.074776e+13 3.712731e+13 7.529978e+13
1.606200e+02 8.987083e+02 1.495714e-09 3.858555e-04 2.894162e-06 7.807745e+03 3.109730e+16 2.151444e+16 7.577260e+14 1.698874e+16 1.069138e+13 3.608969e+13 7.675011e+13
1.610800e+02 9.028137e+02 1.468345e-09 3.805256e-04 2.854184e-06 7.807470e+03 3.052829e+16 2.107589e+16 7.359583e+14 1.677055e+16 1.063581e+13 3.508713e+13 7.820138e+13
1.615400e+02 9.068873e+02 1.441670e-09 3.752985e-04 2.814978e-06 7.807195e+03 2.997369e+16 2.064898e+16 7.149637e+14 1.655647e+16 1.058104e+13 3.411827e+13 7.965274e+13
1.620000e+02 9.109299e+02 1.415665e-09 3.701714e-04 2.776522e-06 7.806921e+03 2.943301e+16 2.023330e+16 6.947095e+14 1.634637e+16 1.052703e+13 3.318172e+13 8.110345e+13
1.624600e+02 9.149414e+02 1.390307e-09 3.651417e-04 2.738795e-06 7.806646e+03 2.890579e+16 1.982849e+16 6.751646e+14 1.614015e+16 1.047379e+13 3.227621e+13 8.255287e+13
1.629200e+02 9.189221e+02 1.365576e-09 3.602071e-04 2.701782e-06 7.806372e+03 2.839162e+16 1.943419e+16 6.563005e+14 1.593772e+16 1.042128e+13 3.140054e+13 8.400001e+13
1.633800e+02 9.228724e+02 1.341452e-09 3.553647e-04 2.665462e-06 7.806097e+03 2.789005e+16 1.905004e+16 6.380880e+14 1.573897e+16 1.036949e+13 3.055347e+13 8.544428e+13
1.638400e+02 9.267924e+02 1.317915e-09 3.506126e-04 2.629818e-06 7.805823e+03 2.740071e+16 1.867573e+16 6.205019e+14 1.554382e+16 1.031841e+13 2.973396e+13 8.688494e+13
1.643000e+02 9.306824e+02 1.294947e-09 3.459482e-04 2.594832e-06 7.805548e+03 2.692318e+16 1.831093e+16 6.035157e+14 1.535217e+16 1.026802e+13 2.894089e+13 8.832120e+13
1.647600e+02 9.345426e+02 1.272531e-09 3.413696e-04 2.560490e-06 7.805274e+03 2.645711e+16 1.795535e+16 5.871057e+14 1.516394e+16 1.021831e+13 2.817328e+13 8.975226e+13
1.652200e+02 9.383732e+02 1.250647e-09 3.368744e-04 2.526773e-06 7.805000e+03 2.600214e+16 1.760868e+16 5.712484e+14 1.497904e+16 1.016926e+13 2.743013e+13 9.117764e+13
1.656800e+02 9.421746e+02 1.229281e-09 3.324606e-04 2.493666e-06 7.804725e+03 2.555792e+16 1.727064e+16 5.559222e+14 1.479739e+16 1.012085e+13 2.671051e+13 9.259628e+13
1.661400e+02 9.459468e+02 1.208417e-09 3.281264e-04 2.461157e-06 7.804451e+03 2.512414e+16 1.694097e+16 5.411059e+14 1.461891e+16 1.007308e+13 2.601356e+13 9.400777e+13
1.666000e+02 9.496901e+02 1.188039e-09 3.238696e-04 2.429229e-06 7.804177e+03 2.470046e+16 1.661940e+16 5.267791e+14 1.444353e+16 1.002593e+13 2.533842e+13 9.541135e+13
1.670600e+02 9.534047e+02 1.168133e-09 3.196886e-04 2.397868e-06 7.803902e+03 2.428659e+16 1.630570e+16 5.129232e+14 1.427117e+16 9.979391e+12 2.468428e+13 9.680616e+13
1.675200e+02 9.570911e+02 1.148684e-09 3.155812e-04 2.367060e-06 7.803628e+03 2.388222e+16 1.599959e+16 4.995190e+14 1.410176e+16 9.933441e+12 2.405033e+13 9.819167e+13
1.679800e+02 9.607490e+02 1.129679e-09 3.115462e-04 2.336795e-06 7.803354e+03 2.348709e+16 1.570088e+16 4.865500e+14 1.393524e+16 9.888073e+12 2.343589e+13 9.956727e+13
1.684400e+02 9.643792e+02 1.111103e-09 3.075812e-04 2.307055e-06 7.803080e+03 2.310089e+16 1.540932e+16 4.739985e+14 1.377153e+16 9.843277e+12 2.284019e+13 1.009322e+14
1.689000e+02 9.679813e+02 1.092947e-09 3.036853e-04 2.277833e-06 7.802806e+03 2.272341e+16 1.512471e+16 4.618495e+14 1.361058e+16 9.799040e+12 2.226261e+13 1.022858e+14
1.693600e+02 9.715562e+02 1.075196e-09 2.998563e-04 2.249113e-06 7.802532e+03 2.235435e+16 1.484682e+16 4.500868e+14 1.345231e+16 9.755351e+12 2.170244e+13 1.036277e+14
1.698200e+02 9.751036e+02 1.057839e-09 2.960929e-04 2.220885e-06 7.802258e+03 2.199348e+16 1.457546e+16 4.386960e+14 1.329667e+16 9.712197e+12 2.115908e+13 1.049570e+14
1.702800e+02 9.786239e+02 1.040865e-09 2.923936e-04 2.193139e-06 7.801983e+03 2.164057e+16 1.431045e+16 4.276636e+14 1.314360e+16 9.669568e+12 2.063194e+13 1.062733e+14
1.707400e+02 9.821173e+02 1.024263e-09 2.887570e-04 2.165861e-06 7.801709e+03 2.129540e+16 1.405160e+16 4.169757e+14 1.299304e+16 9.627458e+12 2.012045e+13 1.075760e+14
1.712000e+02 9.855839e+02 1.008023e-09 2.851816e-04 2.139044e-06 7.801435e+03 2.095775e+16 1.379873e+16 4.066198e+14 1.284494e+16 9.585851e+12 1.962407e+13 1.088645e+14
1.716600e+02 9.890240e+02 9.921332e-10 2.816659e-04 2.112674e-06 7.801162e+03 2.062739e+16 1.355165e+16 3.965832e+14 1.269924e+16 9.544739e+12 1.914222e+13 1.101382e+14
1.721200e+02 9.924379e+02 9.765853e-10 2.782089e-04 2.086744e-06 7.800888e+03 2.030413e+16 1.331022e+16 3.868546e+14 1.255590e+16 9.504115e+12 1.867445e+13 1.113968e+14
1.725800e+02 9.958257e+02 9.613687e-10 2.748089e-04 2.061242e-06 7.800614e+03 1.998776e+16 1.307425e+16 3.774223e+14 1.241484e+16 9.463968e+12 1.822024e+13 1.126395e+14
1.730400e+02 9.991876e+02 9.464752e-10 2.714650e-04 2.036160e-06 7.800340e+03 1.967811e+16 1.284361e+16 3.682759e+14 1.227605e+16 9.424288e+12 1.777915e+13 1.138661e+14
1.735000e+02 1.002524e+03 9.318949e-10 2.681756e-04 2.011488e-06 7.800066e+03 1.937497e+16 1.261813e+16 3.594047e+14 1.213945e+16 9.385065e+12 1.735071e+13 1.150760e+14
1.739600e+02 1.005835e+03 9.176204e-10 2.649398e-04 1.987217e-06 7.799792e+03 1.907820e+16 1.239768e+16 3.507992e+14 1.200500e+16 9.346293e+12 1.693451e+13 1.162688e+14
1.744200e+02 1.009120e+03 9.036432e-10 2.617564e-04 1.963340e-06 7.799518e+03 1.878760e+16 1.218212e+16 3.424498e+14 1.187268e+16 9.307965e+12 1.653014e+13 1.174439e+14
1.748800e+02 1.012380e+03 8.899547e-10 2.586242e-04 1.939846e-06 7.799245e+03 1.850300e+16 1.197131e+16 3.343472e+14 1.174241e+16 9.270068e+12 1.613718e+13 1.186012e+14
1.753400e+02 1.015616e+03 8.765478e-10 2.555422e-04 1.916729e-06 7.798971e+03 1.822425e+16 1.176511e+16 3.264830e+14 1.161417e+16 9.232597e+12 1.575528e+13 1.197400e+14
1.758000e+02 1.018827e+03 8.634145e-10 2.525092e-04 1.893980e-06 7.798697e+03 1.795120e+16 1.156340e+16 3.188485e+14 1.148791e+16 9.195541e+12 1.538404e+13 1.208602e+14
1.762600e+02 1.022013e+03 8.505482e-10 2.495243e-04 1.871592e-06 7.798423e+03 1.768370e+16 1.136607e+16 3.114358e+14 1.136359e+16 9.158899e+12 1.502313e+13 1.219612e+14
1.767200e+02 1.025175e+03 8.379414e-10 2.465865e-04 1.849555e-06 7.798150e+03 1.742159e+16 1.117298e+16 3.042371e+14 1.124117e+16 9.122659e+12 1.467222e+13 1.230429e+14
1.771800e+02 1.028313e+03 8.255879e-10 2.436947e-04 1.827866e-06 7.797876e+03 1.716475e+16 1.098404e+16 2.972454e+14 1.112062e+16 9.086815e+12 1.433097e+13 1.241047e+14
1.776400e+02 1.031427e+03 8.134801e-10 2.408479e-04 1.806513e-06 7.797603e+03 1.691302e+16 1.079912e+16 2.904526e+14 1.100189e+16 9.051356e+12 1.399905e+13 1.251467e+14
1.781000e+02 1.034517e+03 8.016126e-10 2.380454e-04 1.785492e-06 7.797329e+03 1.666628e+16 1.061811e+16 2.838531e+14 1.088494e+16 9.016280e+12 1.367619e+13 1.261683e+14
1.785600e+02 1.037583e+03 7.899795e-10 2.352862e-04 1.764796e-06 7.797056e+03 1.642442e+16 1.044094e+16 2.774397e+14 1.076976e+16 8.981582e+12 1.336210e+13 1.271693e+14
1.790200e+02 1.040627e+03 7.785736e-10 2.325692e-04 1.744417e-06 7.796782e+03 1.618728e+16 1.026746e+16 2.712061e+14 1.065628e+16 8.947247e+12 1.305647e+13 1.281496e+14
1.794800e+02 1.043647e+03 7.673907e-10 2.298940e-04 1.724351e-06 7.796509e+03 1.595478e+16 1.009762e+16 2.651465e+14 1.054450e+16 8.913278e+12 1.275906e+13 1.291088e+14
1.799400e+02 1.046644e+03 7.564237e-10 2.272593e-04 1.704589e-06 7.796235e+03 1.572676e+16 9.931286e+15 2.592547e+14 1.043436e+16 8.879663e+12 1.246959e+13 1.300468e+14
1.804000e+02 1.049618e+03 7.456685e-10 2.246646e-04 1.685127e-06 7.795962e+03 1.550315e+16 9.768396e+15 2.535256e+14 1.032584e+16 8.846397e+12 1.218784e+13 1.309634e+14
1.808600e+02 1.052569e+03 7.351190e-10 2.221089e-04 1.665958e-06 7.795688e+03 1.528382e+16 9.608848e+15 2.479534e+14 1.021892e+16 8.813475e+12 1.191354e+13 1.318585e+14
1.813200e+02 1.055498e+03 7.247704e-10 2.195915e-04 1.647076e-06 7.795415e+03 1.506866e+16 9.452557e+15 2.425331e+14 1.011354e+16 8.780888e+12 1.164647e+13 1.327318e+14
1.817800e+02 1.058405e+03 7.146181e-10 2.171118e-04 1.628477e-06 7.795142e+03 1.485759e+16 9.299451e+15 2.372598e+14 1.000970e+16 8.748636e+12 1.138641e+13 1.335834e+14
1.822400e+02 1.061290e+03 7.046567e-10 2.146688e-04 1.610153e-06 7.794868e+03 1.465048e+16 9.149437e+15 2.321286e+14 9.907351e+15 8.716709e+12 1.113314e+13 1.344130e+14
1.827000e+02 1.064152e+03 6.948823e-10 2.122621e-04 1.592101e-06 7.794595e+03 1.444726e+16 9.002446e+15 2.271351e+14 9.806475e+15 8.685103e+12 1.088646e+13 1.352205e+14
1.831600e+02 1.066993e+03 6.852898e-10 2.098907e-04 1.574314e-06 7.794322e+03 1.424782e+16 8.858397e+15 2.222746e+14 9.707042e+15 8.653811e+12 1.064616e+13 1.360060e+14
1.836200e+02 1.069812e+03 6.758749e-10 2.075541e-04 1.556788e-06 7.794049e+03 1.405208e+16 8.717218e+15 2.175429e+14 9.609019e+15 8.622832e+12 1.041205e+13 1.367692e+14
1.840800e+02 1.072609e+03 6.666333e-10 2.052514e-04 1.539517e-06 7.793775e+03 1.385994e+16 8.578833e+15 2.129359e+14 9.512383e+15 8.592154e+12 1.018393e+13 1.375101e+14
1.845400e+02 1.075386e+03 6.575616e-10 2.029823e-04 1.522497e-06 7.793502e+03 1.367133e+16 8.443188e+15 2.084499e+14 9.417112e+15 8.561782e+12 9.961649e+12 1.382289e+14
1.850000e+02 1.078141e+03 6.486549e-10 2.007459e-04 1.505722e-06 7.793229e+03 1.348615e+16 8.310200e+15 2.040807e+14 9.323176e+15 8.531701e+12 9.745011e+12 1.389253e+14
1.854600e+02 1.080875e+03 6.399095e-10 1.985417e-04 1.489189e-06 7.792956e+03 1.330432e+16 8.179808e+15 1.998247e+14 9.230550e+15 8.501909e+12 9.533849e+12 1.395995e+14
1.859200e+02 1.083589e+03 6.313225e-10 1.963691e-04 1.472894e-06 7.792683e+03 1.312579e+16 8.051963e+15 1.956788e+14 9.139217e+15 8.472406e+12 9.328021e+12 1.402515e+14
1.863800e+02 1.086281e+03 6.228889e-10 1.942274e-04 1.456829e-06 7.792410e+03 1.295045e+16 7.926582e+15 1.916389e+14 9.049142e+15 8.443181e+12 9.127346e+12 1.408811e+14
1.868400e+02 1.088954e+03 6.146063e-10 1.921162e-04 1.440994e-06 7.792137e+03 1.277824e+16 7.803623e+15 1.877024e+14 8.960310e+15 8.414234e+12 8.931690e+12 1.414885e+14
1.873000e+02 1.091606e+03 6.064708e-10 1.900348e-04 1.425382e-06 7.791864e+03 1.260910e+16 7.683022e+15 1.838657e+14 8.872700e+15 8.385561e+12 8.740901e+12 1.420739e+14
1.877600e+02 1.094238e+03 5.984787e-10 1.879827e-04 1.409990e-06 7.791591e+03 1.244294e+16 7.564721e+15 1.801259e+14 8.786282e+15 8.357154e+12 8.554836e+12 1.426371e+14
1.882200e+02 1.096849e+03 5.906274e-10 1.859594e-04 1.394814e-06 7.791318e+03 1.227970e+16 7.448671e+15 1.764800e+14 8.701043e+15 8.329014e+12 8.373363e+12 1.431784e+14
1.886800e+02 1.099441e+03 5.829134e-10 1.839643e-04 1.379850e-06 7.791045e+03 1.211932e+16 7.334816e+15 1.729253e+14 8.616957e+15 8.301131e+12 8.196348e+12 1.436978e+14
1.891400e+02 1.102013e+03 5.753332e-10 1.819969e-04 1.365092e-06 7.790772e+03 1.196172e+16 7.223100e+15 1.694587e+14 8.533999e+15 8.273503e+12 8.023657e+12 1.441954e+14
1.896000e+02 1.104566e+03 5.678844e-10 1.800567e-04 1.350540e-06 7.790499e+03 1.180685e+16 7.113478e+15 1.660778e+14 8.452155e+15 8.246126e+12 7.855173e+12 1.446712e+14
1.900600e+02 1.107099e+03 5.605641e-10 1.781433e-04 1.336188e-06 7.790227e+03 1.165466e+16 7.005907e+15 1.627803e+14 8.371409e+15 8.218999e+12 7.690784e+12 1.451255e+14
1.905200e+02 1.109613e+03 5.533691e-10 1.762561e-04 1.322033e-06 7.789954e+03 1.150507e+16 6.900330e+15 1.595633e+14 8.291735e+15 8.192115e+12 7.530364e+12 1.455584e+14
1.909800e+02 1.112108e+03 5.462971e-10 1.743948e-04 1.308072e-06 7.789681e+03 1.135803e+16 6.796711e+15 1.564247e+14 8.213116e+15 8.165473e+12 7.373810e+12 1.459700e+14
1.914400e+02 1.114584e+03 5.393449e-10 1.725588e-04 1.294301e-06 7.789408e+03 1.121349e+16 6.694997e+15 1.533621e+14 8.135533e+15 8.139067e+12 7.221006e+12 1.463606e+14
1.919000e+02 1.117041e+03 5.325102e-10 1.707476e-04 1.280716e-06 7.789136e+03 1.107139e+16 6.595149e+15 1.503733e+14 8.058971e+15 8.112894e+12 7.071852e+12 1.467301e+14
1.923600e+02 1.119480e+03 5.257901e-10 1.689609e-04 1.267314e-06 7.788863e+03 1.093167e+16 6.497121e+15 1.474560e+14 7.983406e+15 8.086951e+12 6.926243e+12 1.470789e+14
1.928200e+02 1.121900e+03 5.191825e-10 1.671982e-04 1.254093e-06 7.788590e+03 1.079430e+16 6.400877e+15 1.446084e+14 7.908825e+15 8.061233e+12 6.784084e+12 1.474071e+14
1.932800e+02 1.124302e+03 5.126850e-10 1.654592e-04 1.241050e-06 7.788318e+03 1.065921e+16 6.306374e+15 1.418283e+14 7.835213e+15 8.035739e+12 6.645283e+12 1.477148e+14
1.937400e+02 1.126685e+03 5.062952e-10 1.637434e-04 1.228180e-06 7.788045e+03 1.052636e+16 6.213577e+15 1.391139e+14 7.762549e+15 8.010464e+12 6.509745e+12 1.480024e+14
1.942000e+02 1.129050e+03 5.000109e-10 1.620504e-04 1.215481e-06 7.787773e+03 1.039570e+16 6.122447e+15 1.364634e+14 7.690822e+15 7.985406e+12 6.377387e+12 1.482701e+14
1.946600e+02 1.131397e+03 4.938294e-10 1.603798e-04 1.202951e-06 7.787500e+03 1.026718e+16 6.032942e+15 1.338747e+14 7.620011e+15 7.960561e+12 6.248112e+12 1.485178e+14
1.951200e+02 1.133727e+03 4.877492e-10 1.587313e-04 1.190586e-06 7.787228e+03 1.014077e+16 5.945034e+15 1.313464e+14 7.550103e+15 7.935927e+12 6.121847e+12 1.487460e+14
1.955800e+02 1.136039e+03 4.817675e-10 1.571043e-04 1.178382e-06 7.786955e+03 1.001640e+16 5.858680e+15 1.288765e+14 7.481079e+15 7.911500e+12 5.998501e+12 1.489549e+14
1.960400e+02 1.138333e+03 4.758828e-10 1.554987e-04 1.166340e-06 7.786683e+03 9.894053e+15 5.773853e+15 1.264635e+14 7.412929e+15 7.887276e+12 5.878007e+12 1.491446e+14
1.965000e+02 1.140610e+03 4.700927e-10 1.539140e-04 1.154453e-06 7.786410e+03 9.773673e+15 5.690517e+15 1.241059e+14 7.345637e+15 7.863253e+12 5.760278e+12 1.493155e+14
1.969600e+02 1.142870e+03 4.643956e-10 1.523499e-04 1.142722e-06 7.786138e+03 9.655224e+15 5.608640e+15 1.218020e+14 7.279187e+15 7.839428e+12 5.645250e+12 1.494678e+14
1.974200e+02 1.145112e+03 4.587895e-10 1.508061e-04 1.131142e-06 7.785866e+03 9.538667e+15 5.528194e+15 1.195505e+14 7.213568e+15 7.815801e+12 5.532851e+12 1.496016e+14
1.978800e+02 1.147337e+03 4.532722e-10 1.492821e-04 1.119711e-06 7.785593e+03 9.423957e+15 5.449142e+15 1.173498e+14 7.148762e+15 7.792365e+12 5.423001e+12 1.497173e+14
1.983400e+02 1.149546e+03 4.478425e-10 1.477778e-04 1.108428e-06 7.785321e+03 9.311068e+15 5.371462e+15 1.151987e+14 7.084762e+15 7.769120e+12 5.315648e+12 1.498151e+14
1.988000e+02 1.151738e+03 4.424980e-10 1.462927e-04 1.097288e-06 7.785049e+03 9.199952e+15 5.295116e+15 1.130957e+14 7.021547e+15 7.746060e+12 5.210713e+12 1.498952e+14
1.992600e+02 1.153913e+03 4.372375e-10 1.448265e-04 1.086291e-06 7.784776e+03 9.090581e+15 5.220086e+15 1.110396e+14 6.959109e+15 7.723190e+12 5.108146e+12 1.499580e+14
1.997200e+02 1.156072e+03 4.320590e-10 1.433790e-04 1.075434e-06 7.784504e+03 8.982915e+15 5.146337e+15 1.090291e+14 6.897435e+15 7.700496e+12 5.007877e+12 1.500038e+14
2.001800e+02 1.158214e+03 4.269611e-10 1.419498e-04 1.064714e-06 7.784232e+03 8.876926e+15 5.073847e+15 1.070630e+14 6.836514e+15 7.667755e+12 4.909854e+12 1.500326e+14
2.006400e+02 1.160340e+03 4.219418e-10 1.405386e-04 1.054129e-06 7.783960e+03 8.772570e+15 5.002583e+15 1.051400e+14 6.776326e+15 7.645582e+12 4.814006e+12 1.500448e+14
2.011000e+02 1.162451e+03 4.169999e-10 1.391451e-04 1.043677e-06 7.783688e+03 8.669823e+15 4.932525e+15 1.032591e+14 6.716867e+15 7.623583e+12 4.720288e+12 1.500408e+14
2.015600e+02 1.164545e+03 4.121340e-10 1.377692e-04 1.033357e-06 7.783416e+03 8.568656e+15 4.863650e+15 1.014192e+14 6.658125e+15 7.601752e+12 4.628647e+12 1.500207e+14
2.020200e+02 1.166623e+03 4.073422e-10 1.364104e-04 1.023165e-06 7.783144e+03 8.469031e+15 4.795929e+15 9.961908e+13 6.600085e+15 7.580089e+12 4.539024e+12 1.499848e+14
2.024800e+02 1.168685e+03 4.026235e-10 1.350685e-04 1.013100e-06 7.782872e+03 8.370923e+15 4.729343e+15 9.785790e+13 6.542739e+15 7.558591e+12 4.451374e+12 1.499335e+14
2.029400e+02 1.170732e+03 3.979760e-10 1.337433e-04 1.003160e-06 7.782599e+03 8.274296e+15 4.663862e+15 9.613446e+13 6.486072e+15 7.537256e+12 4.365641e+12 1.498670e+14
2.034000e+02 1.172763e+03 3.933987e-10 1.324344e-04 9.933424e-07 7.782328e+03 8.179130e+15 4.599471e+15 9.444796e+13 6.430078e+15 7.516082e+12 4.281780e+12 1.497855e+14
2.038600e+02 1.174780e+03 3.888898e-10 1.311416e-04 9.836457e-07 7.782056e+03 8.085388e+15 4.536142e+15 9.279725e+13 6.374740e+15 7.495064e+12 4.199742e+12 1.496893e+14
2.043200e+02 1.176780e+03 3.844487e-10 1.298647e-04 9.740683e-07 7.781784e+03 7.993051e+15 4.473859e+15 9.118157e+13 6.320055e+15 7.474205e+12 4.119488e+12 1.495788e+14
2.047800e+02 1.178766e+03 3.800734e-10 1.286034e-04 9.646077e-07 7.781512e+03 7.902085e+15 4.412596e+15 8.959997e+13 6.266008e+15 7.453499e+12 4.040965e+12 1.494541e+14
2.052400e+02 1.180736e+03 3.757632e-10 1.273576e-04 9.552629e-07 7.781240e+03 7.812472e+15 4.352339e+15 8.805164e+13 6.212592e+15 7.432946e+12 3.964139e+12 1.493158e+14
2.057000e+02 1.182692e+03 3.715167e-10 1.261268e-04 9.460317e-07 7.780968e+03 7.724182e+15 4.293064e+15 8.653566e+13 6.159796e+15 7.412544e+12 3.888963e+12 1.491638e+14
2.061600e+02 1.184633e+03 3.673322e-10 1.249109e-04 9.369115e-07 7.780696e+03 7.637184e+15 4.234748e+15 8.505122e+13 6.107606e+15 7.392289e+12 3.815392e+12 1.489984e+14
2.066200e+02 1.186559e+03 3.632094e-10 1.237098e-04 9.279022e-07 7.780424e+03 7.551467e+15 4.177380e+15 8.359760e+13 6.056022e+15 7.372182e+12 3.743398e+12 1.488202e+14
2.070800e+02 1.188471e+03 3.591465e-10 1.225231e-04 9.190010e-07 7.780153e+03 7.466997e+15 4.120935e+15 8.217391e+13 6.005025e+15 7.352220e+12 3.672932e+12 1.486292e+14
2.075400e+02 1.190368e+03 3.551428e-10 1.213506e-04 9.102065e-07 7.779881e+03 7.383754e+15 4.065400e+15 8.077959e+13 5.954614e+15 7.332400e+12 3.603964e+12 1.484257e+14
2.080000e+02 1.192251e+03 3.511970e-10 1.201921e-04 9.015175e-07 7.779609e+03 7.301718e+15 4.010753e+15 7.941375e+13 5.904776e+15 7.312721e+12 3.536455e+12 1.482102e+14
2.084600e+02 1.194120e+03 3.473078e-10 1.190474e-04 8.929313e-07 7.779338e+03 7.220858e+15 3.956978e+15 7.807574e+13 5.855500e+15 7.293182e+12 3.470367e+12 1.479827e+14
2.089200e+02 1.195974e+03 3.434747e-10 1.179164e-04 8.844478e-07 7.779066e+03 7.141164e+15 3.904060e+15 7.676492e+13 5.806783e+15 7.273780e+12 3.405671e+12 1.477435e+14
2.093800e+02 1.197814e+03 3.396963e-10 1.167987e-04 8.760645e-07 7.778794e+03 7.062607e+15 3.851981e+15 7.548058e+13 5.758614e+15 7.254513e+12 3.342330e+12 1.474930e+14
2.098400e+02 1.199641e+03 3.359717e-10 1.156942e-04 8.677800e-07 7.778523e+03 6.985169e+15 3.800726e+15 7.422209e+13 5.710983e+15 7.235382e+12 3.280315e+12 1.472314e+14
2.103000e+02 1.201454e+03 3.322999e-10 1.146027e-04 8.595931e-07 7.778251e+03 6.908827e+15 3.750276e+15 7.298881e+13 5.663883e+15 7.216382e+12 3.219590e+12 1.469589e+14
2.107600e+02 1.203253e+03 3.286799e-10 1.135240e-04 8.515024e-07 7.777980e+03 6.833567e+15 3.700620e+15 7.178019e+13 5.617308e+15 7.197514e+12 3.160129e+12 1.466760e+14
2.112200e+02 1.205038e+03 3.251110e-10 1.124579e-04 8.435061e-07 7.777708e+03 6.759365e+15 3.651742e+15 7.059556e+13 5.571250e+15 7.178775e+12 3.101899e+12 1.463827e+14
2.116800e+02 1.206810e+03 3.215922e-10 1.114043e-04 8.356034e-07 7.777437e+03 6.686205e+15 3.603627e+15 6.943442e+13 5.525700e+15 7.160163e+12 3.044875e+12 1.460793e+14
2.121400e+02 1.208569e+03 3.181223e-10 1.103629e-04 8.277921e-07 7.777165e+03 6.614063e+15 3.556256e+15 6.829611e+13 5.480647e+15 7.141678e+12 2.989020e+12 1.457661e+14
2.126000e+02 1.210314e+03 3.147007e-10 1.093336e-04 8.200713e-07 7.776894e+03 6.542925e+15 3.509622e+15 6.718018e+13 5.436089e+15 7.123316e+12 2.934314e+12 1.454434e+14
2.130600e+02 1.212047e+03 3.113267e-10 1.083162e-04 8.124402e-07 7.776622e+03 6.472777e+15 3.463710e+15 6.608614e+13 5.392020e+15 7.105079e+12 2.880732e+12 1.451114e+14
2.135200e+02 1.213766e+03 3.079992e-10 1.073104e-04 8.048966e-07 7.776351e+03 6.403593e+15 3.418503e+15 6.501335e+13 5.348427e+15 7.086962e+12 2.828242e+12 1.447704e+14
2.139800e+02 1.215472e+03 3.047175e-10 1.063163e-04 7.974398e-07 7.776080e+03 6.335365e+15 3.373992e+15 6.396141e+13 5.305307e+15 7.068966e+12 2.776822e+12 1.444206e+14
2.144400e+02 1.217165e+03 3.014806e-10 1.053335e-04 7.900682e-07 7.775808e+03 6.268067e+15 3.330160e+15 6.292977e+13 5.262652e+15 7.051088e+12 2.726446e+12 1.440622e+14
2.149000e+02 1.218845e+03 2.982881e-10 1.043619e-04 7.827809e-07 7.775537e+03 6.201691e+15 3.286999e+15 6.191805e+13 5.220457e+15 7.033329e+12 2.677092e+12 1.436955e+14
2.153600e+02 1.220513e+03 2.951388e-10 1.034014e-04 7.755763e-07 7.775266e+03 6.136214e+15 3.244490e+15 6.092567e+13 5.178711e+15 7.015683e+12 2.628731e+12 1.433207e+14
2.158200e+02 1.222169e+03 2.920324e-10 1.024518e-04 7.684541e-07 7.774995e+03 6.071630e+15 3.202630e+15 5.995227e+13 5.137412e+15 6.998154e+12 2.581347e+12 1.429381e+14
2.162800e+02 1.223811e+03 2.889679e-10 1.015130e-04 7.614120e-07 7.774724e+03 6.007915e+15 3.161402e+15 5.899743e+13 5.096553e+15 6.980737e+12 2.534916e+12 1.425478e+14
2.167400e+02 1.225442e+03 2.859446e-10 1.005847e-04 7.544495e-07 7.774452e+03 5.945058e+15 3.120795e+15 5.806063e+13 5.056125e+15 6.963431e+12 2.489414e+12 1.421502e+14
2.172000e+02 1.227060e+03 2.829619e-10 9.966696e-05 7.475657e-07 7.774181e+03 5.883045e+15 3.080799e+15 5.714158e+13 5.016124e+15 6.946237e+12 2.444821e+12 1.417454e+14
2.176600e+02 1.228666e+03 2.800188e-10 9.875942e-05 7.407585e-07 7.773910e+03 5.821857e+15 3.041401e+15 5.623980e+13 4.976543e+15 6.929151e+12 2.401118e+12 1.413337e+14
2.181200e+02 1.230259e+03 2.771152e-10 9.786210e-05 7.340280e-07 7.773639e+03 5.761487e+15 3.002592e+15 5.535493e+13 4.937379e+15 6.912174e+12 2.358284e+12 1.409153e+14
2.185800e+02 1.231841e+03 2.742499e-10 9.697476e-05 7.273725e-07 7.773368e+03 5.701914e+15 2.964361e+15 5.448656e+13 4.898621e+15 6.895303e+12 2.316298e+12 1.404904e+14
2.190400e+02 1.233411e+03 2.714225e-10 9.609731e-05 7.207911e-07 7.773097e+03 5.643131e+15 2.926698e+15 5.363439e+13 4.860270e+15 6.878537e+12 2.275144e+12 1.400592e+14
2.195000e+02 1.234969e+03 2.686323e-10 9.522960e-05 7.142826e-07 7.772826e+03 5.585120e+15 2.889592e+15 5.279797e+13 4.822314e+15 6.861877e+12 2.234801e+12 1.396218e+14
2.199600e+02 1.236515e+03 2.658788e-10 9.437148e-05 7.078462e-07 7.772555e+03 5.527871e+15 2.853034e+15 5.197700e+13 4.784750e+15 6.845319e+12 2.195252e+12 1.391786e+14
2.204200e+02 1.238050e+03 2.631612e-10 9.352284e-05 7.014809e-07 7.772284e+03 5.471371e+15 2.817015e+15 5.117115e+13 4.747573e+15 6.828863e+12 2.156480e+12 1.387298e+14
2.208800e+02 1.239573e+03 2.604791e-10 9.268354e-05 6.951856e-07 7.772013e+03 5.415607e+15 2.781524e+15 5.038008e+13 4.710778e+15 6.812508e+12 2.118465e+12 1.382755e+14
2.213400e+02 1.241085e+03 2.578320e-10 9.185351e-05 6.889599e-07 7.771742e+03 5.360571e+15 2.746553e+15 4.960346e+13 4.674360e+15 6.796253e+12 2.081195e+12 1.378159e+14
2.218000e+02 1.242585e+03 2.552189e-10 9.103250e-05 6.828017e-07 7.771472e+03 5.306242e+15 2.712093e+15 4.884096e+13 4.638310e+15 6.780095e+12 2.044649e+12 1.373512e+14
2.222600e+02 1.244074e+03 2.526397e-10 9.022051e-05 6.767113e-07 7.771201e+03 5.252618e+15 2.678134e+15 4.809233e+13 4.602629e+15 6.764036e+12 2.008816e+12 1.368816e+14
2.227200e+02 1.245552e+03 2.500935e-10 8.941732e-05 6.706869e-07 7.770930e+03 5.199680e+15 2.644667e+15 4.735720e+13 4.567308e+15 6.748072e+12 1.973675e+12 1.364074e+14
2.231800e+02 1.247018e+03 2.475800e-10 8.862287e-05 6.647280e-07 7.770659e+03 5.147421e+15 2.611686e+15 4.663532e+13 4.532342e+15 6.732204e+12 1.939215e+12 1.359286e+14
2.236400e+02 1.248474e+03 2.450984e-10 8.783701e-05 6.588336e-07 7.770388e+03 5.095828e+15 2.579180e+15 4.592634e+13 4.497727e+15 6.716430e+12 1.905418e+12 1.354455e+14
2.241000e+02 1.249918e+03 2.426486e-10 8.705966e-05 6.530029e-07 7.770118e+03 5.044893e+15 2.547142e+15 4.523008e+13 4.463460e+15 6.700749e+12 1.872273e+12 1.349581e+14
2.245600e+02 1.251352e+03 2.402299e-10 8.629072e-05 6.472354e-07 7.769847e+03 4.994606e+15 2.515566e+15 4.454627e+13 4.429536e+15 6.685162e+12 1.839765e+12 1.344668e+14
2.250200e+02 1.252775e+03 2.378416e-10 8.552999e-05 6.415294e-07 7.769576e+03 4.944950e+15 2.484439e+15 4.387453e+13 4.395945e+15 6.669662e+12 1.807878e+12 1.339717e+14
2.254800e+02 1.254188e+03 2.354835e-10 8.477749e-05 6.358852e-07 7.769306e+03 4.895925e+15 2.453759e+15 4.321472e+13 4.362692e+15 6.654256e+12 1.776601e+12 1.334729e+14
2.259400e+02 1.255589e+03 2.331549e-10 8.403297e-05 6.303008e-07 7.769035e+03 4.847511e+15 2.423514e+15 4.256652e+13 4.329763e+15 6.638937e+12 1.745920e+12 1.329706e+14
2.264000e+02 1.256980e+03 2.308556e-10 8.329643e-05 6.247763e-07 7.768765e+03 4.799706e+15 2.393700e+15 4.192975e+13 4.297161e+15 6.623707e+12 1.715823e+12 1.324650e+14
2.268600e+02 1.258361e+03 2.285848e-10 8.256770e-05 6.193104e-07 7.768494e+03 4.752495e+15 2.364308e+15 4.130410e+13 4.264879e+15 6.608564e+12 1.686296e+12 1.319562e+14
2.273200e+02 1.259731e+03 2.263424e-10 8.184672e-05 6.139026e-07 7.768224e+03 4.705872e+15 2.335331e+15 4.068937e+13 4.232911e+15 6.593507e+12 1.657330e+12 1.314444e+14
2.277800e+02 1.261091e+03 2.241278e-10 8.113341e-05 6.085523e-07 7.767953e+03 4.659828e+15 2.306763e+15 4.008537e+13 4.201256e+15 6.578536e+12 1.628910e+12 1.309297e+14
2.282400e+02 1.262441e+03 2.219405e-10 8.042759e-05 6.032582e-07 7.767683e+03 4.614351e+15 2.278597e+15 3.949182e+13 4.169907e+15 6.563649e+12 1.601026e+12 1.304123e+14
2.287000e+02 1.263781e+03 2.197801e-10 7.972925e-05 5.980202e-07 7.767412e+03 4.569437e+15 2.250825e+15 3.890856e+13 4.138864e+15 6.548846e+12 1.573667e+12 1.298923e+14
2.291600e+02 1.265110e+03 2.176463e-10 7.903824e-05 5.928372e-07 7.767142e+03 4.525073e+15 2.223442e+15 3.833533e+13 4.108120e+15 6.534126e+12 1.546821e+12 1.293699e+14
2.296200e+02 1.266430e+03 2.155386e-10 7.835447e-05 5.877085e-07 7.766871e+03 4.481252e+15 2.196441e+15 3.777195e+13 4.077670e+15 6.519487e+12 1.520478e+12 1.288452e+14
2.300800e+02 1.267740e+03 2.134566e-10 7.767785e-05 5.826333e-07 7.766601e+03 4.437965e+15 2.169816e+15 3.721821e+13 4.047514e+15 6.504929e+12 1.494626e+12 1.283183e+14
2.305400e+02 1.269039e+03 2.114000e-10 7.700831e-05 5.776114e-07 7.766331e+03 4.395206e+15 2.143560e+15 3.667394e+13 4.017645e+15 6.490451e+12 1.469257e+12 1.277894e+14
2.310000e+02 1.270329e+03 2.093682e-10 7.634572e-05 5.726416e-07 7.766061e+03 4.352964e+15 2.117668e+15 3.613889e+13 3.988061e+15 6.476052e+12 1.444359e+12 1.272586e+14
2.314600e+02 1.271610e+03 2.073610e-10 7.569000e-05 5.677232e-07 7.765790e+03 4.311232e+15 2.092132e+15 3.561290e+13 3.958757e+15 6.461731e+12 1.419923e+12 1.267260e+14
2.319200e+02 1.272881e+03 2.053781e-10 7.504111e-05 5.628561e-07 7.765520e+03 4.270004e+15 2.066950e+15 3.509586e+13 3.929732e+15 6.447489e+12 1.395941e+12 1.261918e+14
2.323800e+02 1.274142e+03 2.034189e-10 7.439891e-05 5.580393e-07 7.765250e+03 4.229271e+15 2.042113e+15 3.458749e+13 3.900980e+15 6.433323e+12 1.372401e+12 1.256561e+14
2.328400e+02 1.275394e+03 2.014832e-10 7.376336e-05 5.532722e-07 7.764980e+03 4.189027e+15 2.017618e+15 3.408769e+13 3.872499e+15 6.419233e+12 1.349296e+12 1.251189e+14
2.333000e+02 1.276636e+03 1.995706e-10 7.313432e-05 5.485541e-07 7.764710e+03 4.149262e+15 1.993457e+15 3.359622e+13 3.844285e+15 6.405220e+12 1.326616e+12 1.245805e+14
2.337600e+02 1.277869e+03 1.976808e-10 7.251176e-05 5.438844e-07 7.764439e+03 4.109971e+15 1.969626e+15 3.311299e+13 3.816335e+15 6.391279e+12 1.304353e+12 1.240409e+14
2.342200e+02 1.279093e+03 1.958134e-10 7.189558e-05 5.392627e-07 7.764169e+03 4.071147e+15 1.946119e+15 3.263779e+13 3.788644e+15 6.377412e+12 1.282497e+12 1.235002e+14
2.346800e+02 1.280308e+03 1.939682e-10 7.128571e-05 5.346882e-07 7.763899e+03 4.032783e+15 1.922932e+15 3.217049e+13 3.761213e+15 6.363620e+12 1.261042e+12 1.229586e+14
2.351400e+02 1.281513e+03 1.921447e-10 7.068202e-05 5.301602e-07 7.763629e+03 3.994869e+15 1.900059e+15 3.171088e+13 3.734034e+15 6.349898e+12 1.239977e+12 1.224161e+14
2.356000e+02 1.282710e+03 1.903425e-10 7.008447e-05 5.256782e-07 7.763359e+03 3.957402e+15 1.877494e+15 3.125885e+13 3.707106e+15 6.336247e+12 1.219297e+12 1.218727e+14
2.360600e+02 1.283897e+03 1.885617e-10 6.949301e-05 5.212419e-07 7.763089e+03 3.920375e+15 1.855235e+15 3.081429e+13 3.680427e+15 6.322669e+12 1.198993e+12 1.213289e+14
2.365200e+02 1.285076e+03 1.868015e-10 6.890753e-05 5.168504e-07 7.762819e+03 3.883780e+15 1.833274e+15 3.037699e+13 3.653991e+15 6.309160e+12 1.179056e+12 1.207844e+14
2.369800e+02 1.286246e+03 1.850620e-10 6.832799e-05 5.125034e-07 7.762549e+03 3.847613e+15 1.811610e+15 2.994686e+13 3.627799e+15 6.295720e+12 1.159481e+12 1.202394e+14
2.374400e+02 1.287407e+03 1.833426e-10 6.775428e-05 5.082003e-07 7.762280e+03 3.811867e+15 1.790235e+15 2.952373e+13 3.601846e+15 6.282350e+12 1.140260e+12 1.196942e+14
2.379000e+02 1.288559e+03 1.816432e-10 6.718636e-05 5.039405e-07 7.762010e+03 3.776535e+15 1.769146e+15 2.910747e+13 3.576129e+15 6.269047e+12 1.121386e+12 1.191486e+14
2.383600e+02 1.289703e+03 1.799634e-10 6.662410e-05 4.997232e-07 7.761740e+03 3.741609e+15 1.748338e+15 2.869795e+13 3.550644e+15 6.255811e+12 1.102851e+12 1.186028e+14
2.388200e+02 1.290838e+03 1.783030e-10 6.606751e-05 4.955485e-07 7.761470e+03 3.707089e+15 1.727807e+15 2.829506e+13 3.525390e+15 6.242642e+12 1.084650e+12 1.180570e+14
2.392800e+02 1.291965e+03 1.766617e-10 6.551648e-05 4.914153e-07 7.761200e+03 3.672963e+15 1.707548e+15 2.789865e+13 3.500363e+15 6.229539e+12 1.066774e+12 1.175111e+14
2.397400e+02 1.293083e+03 1.750392e-10 6.497095e-05 4.873236e-07 7.760931e+03 3.639231e+15 1.687559e+15 2.750863e+13 3.475563e+15 6.216502e+12 1.049219e+12 1.169653e+14
2.402000e+02 1.294193e+03 1.734353e-10 6.443087e-05 4.832726e-07 7.760661e+03 3.605884e+15 1.667833e+15 2.712485e+13 3.450985e+15 6.203529e+12 1.032492e+12 1.164197e+14
2.406600e+02 1.295294e+03 1.718495e-10 6.389610e-05 4.792615e-07 7.760391e+03 3.572915e+15 1.648367e+15 2.674718e+13 3.426624e+15 6.190620e+12 1.015543e+12 1.158742e+14
2.411200e+02 1.296387e+03 1.702819e-10 6.336668e-05 4.752905e-07 7.760121e+03 3.540322e+15 1.629158e+15 2.637554e+13 3.402483e+15 6.177775e+12 9.988970e+11 1.153291e+14
2.415800e+02 1.297473e+03 1.687320e-10 6.284247e-05 4.713586e-07 7.759852e+03 3.508098e+15 1.610201e+15 2.600981e+13 3.378555e+15 6.164991e+12 9.825462e+11 1.147842e+14
2.420400e+02 1.298550e+03 1.671997e-10 6.232345e-05 4.674656e-07 7.759582e+03 3.476239e+15 1.591493e+15 2.564988e+13 3.354841e+15 6.152271e+12 9.664859e+11 1.142399e+14
2.425000e+02 1.299618e+03 1.656845e-10 6.180952e-05 4.636108e-07 7.759313e+03 3.444738e+15 1.573028e+15 2.529562e+13 3.331334e+15 6.139613e+12 9.507098e+11 1.136960e+14
2.429600e+02 1.300679e+03 1.641864e-10 6.130063e-05 4.597938e-07 7.759043e+03 3.413590e+15 1.554805e+15 2.494692e+13 3.308034e+15 6.127015e+12 9.352116e+11 1.131527e+14
2.434200e+02 1.301732e+03 1.627052e-10 6.079678e-05 4.560146e-07 7.758774e+03 3.382794e+15 1.536820e+15 2.460374e+13 3.284941e+15 6.114478e+12 9.199883e+11 1.126101e+14
2.438800e+02 1.302777e+03 1.612405e-10 6.029786e-05 4.522724e-07 7.758504e+03 3.352342e+15 1.519068e+15 2.426594e+13 3.262050e+15 6.102001e+12 9.050332e+11 1.120682e+14
2.443400e+02 1.303815e+03 1.597921e-10 5.980379e-05 4.485665e-07 7.758235e+03 3.322229e+15 1.501547e+15 2.393340e+13 3.239359e+15 6.089584e+12 8.903408e+11 1.115270e+14
2.448000e+02 1.304844e+03 1.583598e-10 5.931453e-05 4.448968e-07 7.757965e+03 3.292449e+15 1.484252e+15 2.360604e+13 3.216864e+15 6.077224e+12 8.759053e+11 1.109866e+14
2.452600e+02 1.305866e+03 1.569434e-10 5.883005e-05 4.412629e-07 7.757696e+03 3.263002e+15 1.467181e+15 2.328378e+13 3.194565e+15 6.064924e+12 8.617237e+11 1.104471e+14
2.457200e+02 1.306880e+03 1.555427e-10 5.835027e-05 4.376642e-07 7.757426e+03 3.233879e+15 1.450329e+15 2.296652e+13 3.172460e+15 6.052681e+12 8.477894e+11 1.099085e+14
2.461800e+02 1.307887e+03 1.541574e-10 5.787516e-05 4.341006e-07 7.757157e+03 3.205079e+15 1.433696e+15 2.265418e+13 3.150547e+15 6.040496e+12 8.340996e+11 1.093710e+14
2.466400e+02 1.308886e+03 1.527873e-10 5.740458e-05 4.305710e-07 7.756888e+03 3.176592e+15 1.417274e+15 2.234663e+13 3.128820e+15 6.028366e+12 8.206468e+11 1.088344e+14
2.471000e+02 1.309878e+03 1.514323e-10 5.693859e-05 4.270757e-07 7.756618e+03 3.148420e+15 1.401064e+15 2.204381e+13 3.107281e+15 6.016291e+12 8.074286e+11 1.082989e+14
2.475600e+02 1.310862e+03 1.500921e-10 5.647710e-05 4.236143e-07 7.756349e+03 3.120557e+15 1.385061e+15 2.174567e+13 3.085927e+15 6.004275e+12 7.944406e+11 1.077646e+14
2.480200e+02 1.311839e+03 1.487665e-10 5.602001e-05 4.201858e-07 7.756080e+03 3.092997e+15 1.369262e+15 2.145206e+13 3.064754e+15 5.992311e+12 7.816769e+11 1.072315e+14
2.484800e+02 1.312808e+03 1.474554e-10 5.556735e-05 4.167905e-07 7.755811e+03 3.065738e+15 1.353665e+15 2.116296e+13 3.043764e+15 5.980404e+12 7.691350e+11 1.066996e+14
2.489400e+02 1.313771e+03 1.461585e-10 5.511898e-05 4.134275e-07 7.755542e+03 3.038773e+15 1.338265e+15 2.087824e+13 3.022951e+15 5.968550e+12 7.568089e+11 1.061690e+14
2.494000e+02 1.314726e+03 1.448756e-10 5.467492e-05 4.100968e-07 7.755272e+03 3.012101e+15 1.323061e+15 2.059786e+13 3.002315e+15 5.956749e+12 7.446963e+11 1.056396e+14
2.498600e+02 1.315674e+03 1.436067e-10 5.423511e-05 4.067979e-07 7.755003e+03 2.985719e+15 1.308050e+15 2.032174e+13 2.981853e+15 5.945002e+12 7.327922e+11 1.051117e+14
2.503200e+02 1.316615e+03 1.423516e-10 5.379956e-05 4.035310e-07 7.754734e+03 2.959625e+15 1.293228e+15 2.005505e+13 2.961564e+15 5.933308e+12 7.210923e+11 1.045851e+14
2.507800e+02 1.317549e+03 1.411098e-10 5.336808e-05 4.002946e-07 7.754465e+03 2.933807e+15 1.278595e+15 1.978706e+13 2.941446e+15 5.921666e+12 7.095939e+11 1.040600e+14
2.512400e+02 1.318476e+03 1.398813e-10 5.294067e-05 3.970887e-07 7.754196e+03 2.908265e+15 1.264145e+15 1.952312e+13 2.921497e+15 5.910075e+12 6.982925e+11 1.035364e+14
2.517000e+02 1.319396e+03 1.386659e-10 5.251731e-05 3.939133e-07 7.753927e+03 2.882996e+15 1.249876e+15 1.926312e+13 2.901714e+15 5.898535e+12 6.871843e+11 1.030143e+14
2.521600e+02 1.320309e+03 1.374636e-10 5.209796e-05 3.907679e-07 7.753658e+03 2.857997e+15 1.235787e+15 1.900703e+13 2.882098e+15 5.887046e+12 6.762660e+11 1.024937e+14
2.526200e+02 1.321215e+03 1.362740e-10 5.168256e-05 3.876521e-07 7.753389e+03 2.833264e+15 1.221874e+15 1.875476e+13 2.862643e+15 5.875608e+12 6.655338e+11 1.019747e+14
2.530800e+02 1.322115e+03 1.350969e-10 5.127106e-05 3.845656e-07 7.753120e+03 2.808793e+15 1.208135e+15 1.850625e+13 2.843351e+15 5.864219e+12 6.549843e+11 1.014573e+14
2.535400e+02 1.323008e+03 1.339324e-10 5.086342e-05 3.815081e-07 7.752851e+03 2.784581e+15 1.194568e+15 1.826144e+13 2.824218e+15 5.852880e+12 6.446140e+11 1.009415e+14
2.540000e+02 1.323894e+03 1.327802e-10 5.045962e-05 3.784793e-07 7.752582e+03 2.760625e+15 1.181169e+15 1.802027e+13 2.805244e+15 5.841590e+12 6.344203e+11 1.004275e+14
2.544600e+02 1.324774e+03 1.316400e-10 5.005959e-05 3.754788e-07 7.752314e+03 2.736920e+15 1.167937e+15 1.778265e+13 2.786425e+15 5.830347e+12 6.243986e+11 9.991503e+13
2.549200e+02 1.325647e+03 1.305120e-10 4.966333e-05 3.725066e-07 7.752045e+03 2.713468e+15 1.154870e+15 1.754857e+13 2.767763e+15 5.819154e+12 6.145477e+11 9.940440e+13
2.553800e+02 1.326514e+03 1.293957e-10 4.927074e-05 3.695619e-07 7.751776e+03 2.690259e+15 1.141964e+15 1.731793e+13 2.749253e+15 5.808009e+12 6.048626e+11 9.889550e+13
2.558400e+02 1.327374e+03 1.282910e-10 4.888179e-05 3.666445e-07 7.751507e+03 2.667292e+15 1.129218e+15 1.709067e+13 2.730893e+15 5.796909e+12 5.953404e+11 9.838832e+13
2.563000e+02 1.328227e+03 1.271980e-10 4.849649e-05 3.637546e-07 7.751238e+03 2.644567e+15 1.116630e+15 1.686676e+13 2.712686e+15 5.785858e+12 5.859796e+11 9.788303e+13
2.567600e+02 1.329075e+03 1.261163e-10 4.811473e-05 3.608911e-07 7.750970e+03 2.622076e+15 1.104195e+15 1.664611e+13 2.694624e+15 5.774852e+12 5.767753e+11 9.737951e+13
2.572200e+02 1.329916e+03 1.250459e-10 4.773655e-05 3.580545e-07 7.750701e+03 2.599822e+15 1.091916e+15 1.642872e+13 2.676712e+15 5.763894e+12 5.677270e+11 9.687791e+13
2.576800e+02 1.330751e+03 1.239865e-10 4.736184e-05 3.552440e-07 7.750432e+03 2.577796e+15 1.079786e+15 1.621447e+13 2.658943e+15 5.752980e+12 5.588297e+11 9.637812e+13
2.581400e+02 1.331579e+03 1.229380e-10 4.699056e-05 3.524592e-07 7.750164e+03 2.555997e+15 1.067805e+15 1.600332e+13 2.641317e+15 5.742111e+12 5.500807e+11 9.588018e+13
2.586000e+02 1.332402e+03 1.219004e-10 4.662275e-05 3.497003e-07 7.749895e+03 2.534425e+15 1.055971e+15 1.579527e+13 2.623835e+15 5.731288e+12 5.414789e+11 9.538422e+13
2.590600e+02 1.333218e+03 1.208735e-10 4.625832e-05 3.469669e-07 7.749627e+03 2.513075e+15 1.044282e+15 1.559023e+13 2.606494e+15 5.720510e+12 5.330210e+11 9.489017e+13
2.595200e+02 1.334028e+03 1.198571e-10 4.589721e-05 3.442584e-07 7.749358e+03 2.491943e+15 1.032735e+15 1.538814e+13 2.589291e+15 5.709775e+12 5.247036e+11 9.439807e+13
2.599800e+02 1.334832e+03 1.188511e-10 4.553940e-05 3.415745e-07 7.749090e+03 2.471026e+15 1.021328e+15 1.518896e+13 2.572225e+15 5.699083e+12 5.165247e+11 9.390790e+13
2.604400e+02 1.335630e+03 1.178554e-10 4.518489e-05 3.389154e-07 7.748821e+03 2.450324e+15 1.010060e+15 1.499265e+13 2.555297e+15 5.688437e+12 5.084821e+11 9.341972e+13
2.609000e+02 1.336423e+03 1.168698e-10 4.483360e-05 3.362806e-07 7.748553e+03 2.429833e+15 9.989297e+14 1.479917e+13 2.538503e+15 5.677832e+12 5.005728e+11 9.293352e+13
2.613600e+02 1.337209e+03 1.158943e-10 4.448554e-05 3.336699e-07 7.748284e+03 2.409552e+15 9.879345e+14 1.460846e+13 2.521844e+15 5.667271e+12 4.927952e+11 9.244940e+13
2.618200e+02 1.337990e+03 1.149285e-10 4.414059e-05 3.310826e-07 7.748016e+03 2.389473e+15 9.770707e+14 1.442046e+13 2.505314e+15 5.656750e+12 4.851452e+11 9.196720e+13
2.622800e+02 1.338764e+03 1.139727e-10 4.379881e-05 3.285190e-07 7.747747e+03 2.369599e+15 9.663394e+14 1.423515e+13 2.488917e+15 5.646273e+12 4.776225e+11 9.148707e+13
2.627400e+02 1.339533e+03 1.130266e-10 4.346018e-05 3.259790e-07 7.747479e+03 2.349929e+15 9.557383e+14 1.405250e+13 2.472652e+15 5.635839e+12 4.702248e+11 9.100906e+13
2.632000e+02 1.340296e+03 1.120898e-10 4.312454e-05 3.234615e-07 7.747211e+03 2.330453e+15 9.452634e+14 1.387242e+13 2.456511e+15 5.625443e+12 4.629478e+11 9.053300e+13
2.636600e+02 1.341054e+03 1.111625e-10 4.279195e-05 3.209669e-07 7.746942e+03 2.311174e+15 9.349147e+14 1.369490e+13 2.440498e+15 5.615089e+12 4.557909e+11 9.005901e+13
2.641200e+02 1.341806e+03 1.102446e-10 4.246239e-05 3.184950e-07 7.746674e+03 2.292089e+15 9.246910e+14 1.351991e+13 2.424612e+15 5.604778e+12 4.487525e+11 8.958716e+13
2.645800e+02 1.342552e+03 1.093358e-10 4.213579e-05 3.160453e-07 7.746406e+03 2.273195e+15 9.145896e+14 1.334738e+13 2.408850e+15 5.594505e+12 4.418292e+11 8.911737e+13
2.650400e+02 1.343293e+03 1.084360e-10 4.181209e-05 3.136173e-07 7.746138e+03 2.254488e+15 9.046080e+14 1.317727e+13 2.393210e+15 5.584272e+12 4.350189e+11 8.864963e+13
2.655000e+02 1.344028e+03 1.075453e-10 4.149134e-05 3.112115e-07 7.745870e+03 2.235969e+15 8.947470e+14 1.300957e+13 2.377693e+15 5.574078e+12 4.283208e+11 8.818404e+13
2.659600e+02 1.344758e+03 1.066635e-10 4.117345e-05 3.088271e-07 7.745601e+03 2.217634e+15 8.850032e+14 1.284422e+13 2.362297e+15 5.563925e+12 4.217323e+11 8.772055e+13
2.664200e+02 1.345482e+03 1.057903e-10 4.085839e-05 3.064639e-07 7.745333e+03 2.199479e+15 8.753749e+14 1.268118e+13 2.347018e+15 5.553809e+12 4.152507e+11 8.725914e+13
2.668800e+02 1.346201e+03 1.049258e-10 4.054617e-05 3.041221e-07 7.745065e+03 2.181506e+15 8.658619e+14 1.252044e+13 2.331860e+15 5.543733e+12 4.088757e+11 8.679989e+13
2.673400e+02 1.346915e+03 1.040698e-10 4.023673e-05 3.018011e-07 7.744797e+03 2.163711e+15 8.564620e+14 1.236194e+13 2.316819e+15 5.533696e+12 4.026043e+11 8.634277e+13
2.678000e+02 1.347623e+03 1.032224e-10 3.993006e-05 2.995009e-07 7.744529e+03 2.146091e+15 8.471737e+14 1.220565e+13 2.301894e+15 5.523697e+12 3.964355e+11 8.588780e+13
2.682600e+02 1.348326e+03 1.023832e-10 3.962608e-05 2.972209e-07 7.744261e+03 2.128643e+15 8.379946e+14 1.205152e+13 2.287082e+15 5.513735e+12 3.903661e+11 8.543493e+13
2.687200e+02 1.349024e+03 1.015522e-10 3.932482e-05 2.949612e-07 7.743993e+03 2.111367e+15 8.289246e+14 1.189954e+13 2.272385e+15 5.503810e+12 3.843956e+11 8.498420e+13
2.691800e+02 1.349717e+03 1.007294e-10 3.902622e-05 2.927215e-07 7.743725e+03 2.094259e+15 8.199615e+14 1.174966e+13 2.257800e+15 5.493923e+12 3.785218e+11 8.453563e+13
2.696400e+02 1.350405e+03 9.991458e-11 3.873025e-05 2.905016e-07 7.743457e+03 2.077319e+15 8.111037e+14 1.160185e+13 2.243326e+15 5.484072e+12 3.727429e+11 8.408916e+13
2.701000e+02 1.351087e+03 9.910778e-11 3.843692e-05 2.883014e-07 7.743189e+03 2.060544e+15 8.023508e+14 1.145610e+13 2.228964e+15 5.474258e+12 3.670579e+11 8.364492e+13
2.705600e+02 1.351764e+03 9.830884e-11 3.814618e-05 2.861207e-07 7.742921e+03 2.043934e+15 7.937010e+14 1.131234e+13 2.214712e+15 5.464481e+12 3.614648e+11 8.320280e+13
2.710200e+02 1.352437e+03 9.751762e-11 3.785799e-05 2.839591e-07 7.742654e+03 2.027483e+15 7.851524e+14 1.117057e+13 2.200566e+15 5.454741e+12 3.559618e+11 8.276284e+13
2.714800e+02 1.353104e+03 9.673401e-11 3.757232e-05 2.818163e-07 7.742386e+03 2.011192e+15 7.767034e+14 1.103074e+13 2.186527e+15 5.445034e+12 3.505472e+11 8.232499e+13
2.719400e+02 1.353767e+03 9.595806e-11 3.728917e-05 2.796926e-07 7.742118e+03 1.995059e+15 7.683543e+14 1.089283e+13 2.172596e+15 5.435364e+12 3.452200e+11 8.188935e+13
2.724000e+02 1.354424e+03 9.518956e-11 3.700851e-05 2.775874e-07 7.741850e+03 1.979081e+15 7.601022e+14 1.075681e+13 2.158770e+15 5.425729e+12 3.399783e+11 8.145582e+13
2.728600e+02 1.355077e+03 9.442853e-11 3.673031e-05 2.755008e-07 7.741582e+03 1.963258e+15 7.519471e+14 1.062265e+13 2.145049e+15 5.416129e+12 3.348212e+11 8.102451e+13
2.733200e+02 1.355725e+03 9.367469e-11 3.645451e-05 2.734321e-07 7.741315e+03 1.947586e+15 7.438859e+14 1.049030e+13 2.131429e+15 5.406563e+12 3.297460e+11 8.059527e+13
2.737800e+02 1.356368e+03 9.292814e-11 3.618114e-05 2.713816e-07 7.741047e+03 1.932064e+15 7.359192e+14 1.035977e+13 2.117912e+15 5.397032e+12 3.247525e+11 8.016823e+13
2.742400e+02 1.357006e+03 9.218876e-11 3.591015e-05 2.693490e-07 7.740779e+03 1.916691e+15 7.280454e+14 1.023102e+13 2.104497e+15 5.387535e+12 3.198391e+11 7.974337e+13
2.747000e+02 1.357639e+03 9.145638e-11 3.564150e-05 2.673340e-07 7.740512e+03 1.901465e+15 7.202625e+14 1.010400e+13 2.091181e+15 5.378071e+12 3.150037e+11 7.932061e+13
2.751600e+02 1.358268e+03 9.073105e-11 3.537521e-05 2.653366e-07 7.740244e+03 1.886384e+15 7.125703e+14 9.978715e+12 2.077966e+15 5.368642e+12 3.102460e+11 7.890005e+13
2.756200e+02 1.358892e+03 9.001260e-11 3.511122e-05 2.633565e-07 7.739977e+03 1.871447e+15 7.049671e+14 9.855118e+12 2.064849e+15 5.359246e+12 3.055641e+11 7.848164e+13
2.760800e+02 1.359512e+03 8.930100e-11 3.484952e-05 2.613936e-07 7.739709e+03 1.856652e+15 6.974520e+14 9.733192e+12 2.051830e+15 5.349884e+12 3.009569e+11 7.806537e+13
2.765400e+02 1.360127e+03 8.859604e-11 3.459006e-05 2.594475e-07 7.739442e+03 1.841995e+15 6.900229e+14 9.612897e+12 2.038906e+15 5.340553e+12 2.964223e+11 7.765119e+13
2.770000e+02 1.360737e+03 8.789779e-11 3.433284e-05 2.575182e-07 7.739174e+03 1.827478e+15 6.826798e+14 9.494229e+12 2.026078e+15 5.331255e+12 2.919602e+11 7.723919e+13
2.774600e+02 1.361343e+03 8.720618e-11 3.407787e-05 2.556057e-07 7.738907e+03 1.813099e+15 6.754218e+14 9.377165e+12 2.013346e+15 5.321990e+12 2.875691e+11 7.682935e+13
2.779200e+02 1.361945e+03 8.652103e-11 3.382506e-05 2.537095e-07 7.738639e+03 1.798854e+15 6.682466e+14 9.261656e+12 2.000707e+15 5.312757e+12 2.832473e+11 7.642160e+13
2.783800e+02 1.362542e+03 8.584230e-11 3.357443e-05 2.518296e-07 7.738372e+03 1.784743e+15 6.611540e+14 9.147697e+12 1.988160e+15 5.303555e+12 2.789939e+11 7.601599e+13
2.788400e+02 1.363134e+03 8.516999e-11 3.332596e-05 2.499659e-07 7.738104e+03 1.770764e+15 6.541430e+14 9.035266e+12 1.975707e+15 5.294386e+12 2.748080e+11 7.561253e+13
2.793000e+02 1.363722e+03 8.450397e-11 3.307962e-05 2.481183e-07 7.737837e+03 1.756918e+15 6.472125e+14 8.924336e+12 1.963345e+15 5.285249e+12 2.706882e+11 7.521119e+13
2.797600e+02 1.364306e+03 8.384415e-11 3.283538e-05 2.462862e-07 7.737570e+03 1.743199e+15 6.403609e+14 8.814879e+12 1.951073e+15 5.276140e+12 2.666334e+11 7.481196e+13
2.802200e+02 1.364885e+03 8.319048e-11 3.259323e-05 2.444700e-07 7.737303e+03 1.729609e+15 6.335879e+14 8.706881e+12 1.938891e+15 5.267065e+12 2.626425e+11 7.441482e+13
2.806800e+02 1.365461e+03 8.254294e-11 3.235316e-05 2.426693e-07 7.737035e+03 1.716146e+15 6.268923e+14 8.600324e+12 1.926799e+15 5.258020e+12 2.587147e+11 7.401984e+13
2.811400e+02 1.366031e+03 8.190133e-11 3.211509e-05 2.408837e-07 7.736768e+03 1.702806e+15 6.202721e+14 8.495163e+12 1.914793e+15 5.249005e+12 2.548481e+11 7.362688e+13
2.816000e+02 1.366598e+03 8.126573e-11 3.187908e-05 2.391134e-07 7.736501e+03 1.689591e+15 6.137283e+14 8.391410e+12 1.902875e+15 5.240020e+12 2.510427e+11 7.323609e+13
2.820600e+02 1.367161e+03 8.063600e-11 3.164508e-05 2.373582e-07 7.736234e+03 1.676499e+15 6.072586e+14 8.289028e+12 1.891044e+15 5.231067e+12 2.472971e+11 7.284738e+13
2.825200e+02 1.367719e+03 8.001209e-11 3.141305e-05 2.356179e-07 7.735966e+03 1.663527e+15 6.008625e+14 8.187998e+12 1.879299e+15 5.222142e+12 2.436102e+11 7.246074e+13
2.829800e+02 1.368273e+03 7.939389e-11 3.118297e-05 2.338922e-07 7.735699e+03 1.650674e+15 5.945386e+14 8.088285e+12 1.867637e+15 5.213247e+12 2.399808e+11 7.207617e+13
2.834400e+02 1.368823e+03 7.878143e-11 3.095486e-05 2.321812e-07 7.735432e+03 1.637940e+15 5.882866e+14 7.989896e+12 1.856061e+15 5.204381e+12 2.364085e+11 7.169368e+13
2.839000e+02 1.369370e+03 7.817456e-11 3.072866e-05 2.304845e-07 7.735165e+03 1.625323e+15 5.821054e+14 7.892804e+12 1.844567e+15 5.195545e+12 2.328920e+11 7.131328e+13
2.843600e+02 1.369912e+03 7.757329e-11 3.050438e-05 2.288023e-07 7.734898e+03 1.612822e+15 5.759940e+14 7.796983e+12 1.833157e+15 5.186738e+12 2.294304e+11 7.093491e+13
2.848200e+02 1.370450e+03 7.697748e-11 3.028198e-05 2.271342e-07 7.734631e+03 1.600435e+15 5.699516e+14 7.702415e+12 1.821828e+15 5.177960e+12 2.260227e+11 7.055861e+13
2.852800e+02 1.370984e+03 7.638715e-11 3.006146e-05 2.254801e-07 7.734364e+03 1.588161e+15 5.639776e+14 7.609091e+12 1.810581e+15 5.169210e+12 2.226685e+11 7.018438e+13
2.857400e+02 1.371514e+03 7.580220e-11 2.984280e-05 2.238400e-07 7.734097e+03 1.575999e+15 5.580708e+14 7.516988e+12 1.799415e+15 5.160489e+12 2.193662e+11 6.981216e+13
2.862000e+02 1.372040e+03 7.522251e-11 2.962594e-05 2.222134e-07 7.733830e+03 1.563947e+15 5.522298e+14 7.426072e+12 1.788327e+15 5.151795e+12 2.161151e+11 6.944195e+13
2.866600e+02 1.372562e+03 7.464815e-11 2.941092e-05 2.206007e-07 7.733563e+03 1.552005e+15 5.464552e+14 7.336354e+12 1.777319e+15 5.143130e+12 2.129148e+11 6.907381e+13
2.871200e+02 1.373081e+03 7.407900e-11 2.919770e-05 2.190014e-07 7.733296e+03 1.540172e+15 5.407455e+14 7.247806e+12 1.766390e+15 5.134494e+12 2.097643e+11 6.870770e+13
2.875800e+02 1.373595e+03 7.351497e-11 2.898626e-05 2.174154e-07 7.733030e+03 1.528446e+15 5.350996e+14 7.160399e+12 1.755537e+15 5.125884e+12 2.066626e+11 6.834359e+13
2.880400e+02 1.374106e+03 7.295598e-11 2.877655e-05 2.158425e-07 7.732763e+03 1.516824e+15 5.295163e+14 7.074123e+12 1.744761e+15 5.117301e+12 2.036086e+11 6.798141e+13
2.885000e+02 1.374613e+03 7.240211e-11 2.856862e-05 2.142828e-07 7.732496e+03 1.505308e+15 5.239961e+14 6.988976e+12 1.734062e+15 5.108747e+12 2.006022e+11 6.762130e+13
2.889600e+02 1.375117e+03 7.185320e-11 2.836241e-05 2.127362e-07 7.732229e+03 1.493896e+15 5.185375e+14 6.904927e+12 1.723440e+15 5.100219e+12 1.976423e+11 6.726316e+13
2.894200e+02 1.375616e+03 7.130922e-11 2.815791e-05 2.112023e-07 7.731963e+03 1.482586e+15 5.131399e+14 6.821961e+12 1.712891e+15 5.091717e+12 1.947280e+11 6.690702e+13
2.898800e+02 1.376112e+03 7.077011e-11 2.795511e-05 2.096811e-07 7.731696e+03 1.471377e+15 5.078022e+14 6.740070e+12 1.702417e+15 5.083243e+12 1.918589e+11 6.655283e+13
2.903400e+02 1.376604e+03 7.023584e-11 2.775399e-05 2.081727e-07 7.731429e+03 1.460270e+15 5.025243e+14 6.659236e+12 1.692017e+15 5.074795e+12 1.890339e+11 6.620062e+13
2.908000e+02 1.377093e+03 6.970634e-11 2.755453e-05 2.066766e-07 7.731162e+03 1.449261e+15 4.973049e+14 6.579437e+12 1.681690e+15 5.066374e+12 1.862525e+11 6.585035e+13
2.912600e+02 1.377578e+03 6.918152e-11 2.735671e-05 2.051927e-07 7.730896e+03 1.438349e+15 4.921434e+14 6.500664e+12 1.671435e+15 5.057978e+12 1.835137e+11 6.550202e+13
2.917200e+02 1.378059e+03 6.866142e-11 2.716053e-05 2.037213e-07 7.730629e+03 1.427536e+15 4.870393e+14 6.422903e+12 1.661252e+15 5.049610e+12 1.808172e+11 6.515565e+13
2.921800e+02 1.378537e+03 6.814596e-11 2.696598e-05 2.022620e-07 7.730363e+03 1.416819e+15 4.819921e+14 6.346146e+12 1.651141e+15 5.041267e+12 1.781622e+11 6.481121e+13
2.926400e+02 1.379012e+03 6.763501e-11 2.677300e-05 2.008146e-07 7.730096e+03 1.406196e+15 4.770002e+14 6.270362e+12 1.641099e+15 5.032948e+12 1.755477e+11 6.446867e+13
2.931000e+02 1.379483e+03 6.712864e-11 2.658163e-05 1.993792e-07 7.729830e+03 1.395668e+15 4.720640e+14 6.195556e+12 1.631128e+15 5.024656e+12 1.729736e+11 6.412807e+13
2.935600e+02 1.379950e+03 6.662670e-11 2.639181e-05 1.979554e-07 7.729563e+03 1.385232e+15 4.671822e+14 6.121694e+12 1.621225e+15 5.016388e+12 1.704387e+11 6.378936e+13
2.940200e+02 1.380414e+03 6.612923e-11 2.620357e-05 1.965434e-07 7.729297e+03 1.374889e+15 4.623544e+14 6.048786e+12 1.611393e+15 5.008146e+12 1.679429e+11 6.345257e+13
2.944800e+02 1.380875e+03 6.563611e-11 2.601685e-05 1.951429e-07 7.729030e+03 1.364637e+15 4.575798e+14 5.976798e+12 1.601628e+15 4.999929e+12 1.654850e+11 6.311764e+13
2.949400e+02 1.381332e+03 6.514735e-11 2.583166e-05 1.937539e-07 7.728764e+03 1.354475e+15 4.528577e+14 5.905732e+12 1.591930e+15 4.991737e+12 1.630647e+11 6.278460e+13
2.954000e+02 1.381786e+03 6.466287e-11 2.564798e-05 1.923762e-07 7.728497e+03 1.344402e+15 4.481877e+14 5.835568e+12 1.582301e+15 4.983569e+12 1.606814e+11 6.245343e+13
2.958600e+02 1.382236e+03 6.418262e-11 2.546580e-05 1.910097e-07 7.728231e+03 1.334417e+15 4.435690e+14 5.766292e+12 1.572736e+15 4.975425e+12 1.583345e+11 6.212413e+13
2.963200e+02 1.382683e+03 6.370662e-11 2.528510e-05 1.896544e-07 7.727965e+03 1.324521e+15 4.390012e+14 5.697897e+12 1.563239e+15 4.967307e+12 1.560234e+11 6.179669e+13
2.967800e+02 1.383127e+03 6.323473e-11 2.510587e-05 1.883100e-07 7.727698e+03 1.314710e+15 4.344833e+14 5.630365e+12 1.553806e+15 4.959212e+12 1.537474e+11 6.147107e+13
2.972400e+02 1.383568e+03 6.276701e-11 2.492811e-05 1.869767e-07 7.727432e+03 1.304986e+15 4.300152e+14 5.563693e+12 1.544439e+15 4.951143e+12 1.515061e+11 6.114731e+13
2.977000e+02 1.384005e+03 6.230327e-11 2.475175e-05 1.856539e-07 7.727166e+03 1.295344e+15 4.255954e+14 5.497851e+12 1.535135e+15 4.943095e+12 1.492987e+11 6.082533e+13
2.981600e+02 1.384439e+03 6.184364e-11 2.457686e-05 1.843421e-07 7.726900e+03 1.285788e+15 4.212247e+14 5.432851e+12 1.525896e+15 4.935072e+12 1.471251e+11 6.050523e+13
2.986200e+02 1.384870e+03 6.138794e-11 2.440336e-05 1.830408e-07 7.726634e+03 1.276313e+15 4.169014e+14 5.368662e+12 1.516719e+15 4.927072e+12 1.449843e+11 6.018689e+13
2.990800e+02 1.385298e+03 6.093623e-11 2.423127e-05 1.817500e-07 7.726367e+03 1.266922e+15 4.126254e+14 5.305288e+12 1.507605e+15 4.919097e+12 1.428761e+11 5.987036e+13
2.995400e+02 1.385722e+03 6.048840e-11 2.406056e-05 1.804696e-07 7.726101e+03 1.257611e+15 4.083959e+14 5.242706e+12 1.498554e+15 4.911143e+12 1.407997e+11 5.955562e+13
3.000000e+02 1.386144e+03 6.004370e-11 2.389094e-05 1.791973e-07 7.725835e+03 1.248365e+15 4.042126e+14 5.180913e+12 1.489504e+15 4.903213e+12 1.387548e+11 5.927888e+13
