# Altitude_km Temperature_K Density_kg_m3 Pressure_Pa Pressure_Torr Orbital_Velocity_m_s Number_Density_per_m3 n_N2 n_O2 n_O n_He n_Ar n_N
7.000000e+01 2.048504e+02 8.692257e-05 5.111248e+00 3.833762e-02 7.862418e+03 1.807202e+21 1.412023e+21 3.786444e+20 6.117569e+15 9.403278e+15 1.687527e+19 nan
7.046000e+01 2.034417e+02 8.117853e-05 4.740659e+00 3.555797e-02 7.862138e+03 1.687778e+21 1.318713e+21 3.536227e+20 6.076982e+15 8.781887e+15 1.576011e+19 nan
7.092000e+01 2.021723e+02 7.572870e-05 4.394806e+00 3.296385e-02 7.861857e+03 1.574471e+21 1.230183e+21 3.298825e+20 6.031301e+15 8.192324e+15 1.470207e+19 nan
7.138000e+01 2.010418e+02 7.056780e-05 4.072401e+00 3.054560e-02 7.861577e+03 1.467171e+21 1.146346e+21 3.074010e+20 5.981261e+15 7.634017e+15 1.370013e+19 nan
7.184000e+01 2.000230e+02 6.569788e-05 3.772150e+00 2.829353e-02 7.861296e+03 1.365921e+21 1.067236e+21 2.861871e+20 5.931365e+15 7.107188e+15 1.275467e+19 nan
7.230000e+01 1.990869e+02 6.111809e-05 3.492770e+00 2.619800e-02 7.861016e+03 1.270703e+21 9.928386e+20 2.662370e+20 5.886262e+15 6.611746e+15 1.186554e+19 nan
7.276000e+01 1.982055e+02 5.682361e-05 3.232972e+00 2.424935e-02 7.860736e+03 1.181417e+21 9.230764e+20 2.475298e+20 5.850668e+15 6.147169e+15 1.103181e+19 nan
7.322000e+01 1.973519e+02 5.280734e-05 2.991529e+00 2.243837e-02 7.860456e+03 1.097915e+21 8.578335e+20 2.300344e+20 5.828992e+15 5.712689e+15 1.025208e+19 nan
7.368000e+01 1.965003e+02 4.905946e-05 2.767219e+00 2.075591e-02 7.860175e+03 1.019993e+21 7.969506e+20 2.137082e+20 5.825880e+15 5.307242e+15 9.524459e+18 nan
7.414000e+01 1.956257e+02 4.556866e-05 2.558879e+00 1.919322e-02 7.859895e+03 9.474155e+20 7.402438e+20 1.985018e+20 5.845916e+15 4.929607e+15 8.846749e+18 nan
7.460000e+01 1.947042e+02 4.232262e-05 2.365404e+00 1.774203e-02 7.859615e+03 8.799272e+20 6.875129e+20 1.843617e+20 5.894104e+15 4.578449e+15 8.216556e+18 nan
7.506000e+01 1.937125e+02 3.930805e-05 2.185731e+00 1.639438e-02 7.859335e+03 8.172515e+20 6.385424e+20 1.712299e+20 5.975925e+15 4.252333e+15 7.631302e+18 nan
7.552000e+01 1.926289e+02 3.651169e-05 2.018883e+00 1.514291e-02 7.859055e+03 7.591126e+20 5.931165e+20 1.590486e+20 6.097603e+15 3.949822e+15 7.088413e+18 nan
7.598000e+01 1.914327e+02 3.391951e-05 1.863903e+00 1.398046e-02 7.858775e+03 7.052186e+20 5.510073e+20 1.477567e+20 6.266682e+15 3.669413e+15 6.585160e+18 nan
7.644000e+01 1.901163e+02 3.151641e-05 1.719941e+00 1.290065e-02 7.858495e+03 6.552559e+20 5.119697e+20 1.372885e+20 6.490468e+15 3.410171e+15 6.118617e+18 nan
7.690000e+01 1.887083e+02 2.928263e-05 1.586202e+00 1.189753e-02 7.858215e+03 6.088136e+20 4.756828e+20 1.275578e+20 6.773469e+15 3.170342e+15 5.684946e+18 nan
7.736000e+01 1.872430e+02 2.720041e-05 1.461970e+00 1.096571e-02 7.857935e+03 5.655223e+20 4.418578e+20 1.184874e+20 7.120367e+15 2.947748e+15 5.280699e+18 nan
7.782000e+01 1.857528e+02 2.525500e-05 1.346605e+00 1.010040e-02 7.857655e+03 5.250753e+20 4.102551e+20 1.100129e+20 7.537466e+15 2.740648e+15 4.903011e+18 nan
7.828000e+01 1.842685e+02 2.343448e-05 1.239550e+00 9.297413e-03 7.857375e+03 4.872250e+20 3.806811e+20 1.020825e+20 8.032196e+15 2.547521e+15 4.549570e+18 nan
7.874000e+01 1.828185e+02 2.172818e-05 1.140252e+00 8.552620e-03 7.857095e+03 4.517494e+20 3.529627e+20 9.464956e+19 8.614100e+15 2.367108e+15 4.218303e+18 nan
7.920000e+01 1.814297e+02 2.012796e-05 1.048252e+00 7.862558e-03 7.856815e+03 4.184793e+20 3.269680e+20 8.767821e+19 9.294116e+15 2.198355e+15 3.907607e+18 nan
7.966000e+01 1.801275e+02 1.862658e-05 9.630982e-01 7.223850e-03 7.856535e+03 3.872642e+20 3.025810e+20 8.113563e+19 1.008567e+16 2.040344e+15 3.616020e+18 nan
8.012000e+01 1.789355e+02 1.721795e-05 8.843730e-01 6.633361e-03 7.856255e+03 3.579775e+20 2.797024e+20 7.499568e+19 1.100425e+16 1.892311e+15 3.342390e+18 nan
8.058000e+01 1.778766e+02 1.589662e-05 8.116732e-01 6.088066e-03 7.855976e+03 3.305058e+20 2.582426e+20 6.923540e+19 1.206834e+16 1.753576e+15 3.085667e+18 nan
8.104000e+01 1.769728e+02 1.465792e-05 7.446228e-01 5.585146e-03 7.855696e+03 3.047520e+20 2.381261e+20 6.383409e+19 1.329940e+16 1.623571e+15 2.844943e+18 nan
8.150000e+01 1.762403e+02 1.349801e-05 6.828614e-01 5.121896e-03 7.855416e+03 2.806364e+20 2.192903e+20 5.877538e+19 1.472570e+16 1.501829e+15 2.619497e+18 nan
8.196000e+01 1.756694e+02 1.241516e-05 6.260457e-01 4.695742e-03 7.855136e+03 2.581230e+20 2.017060e+20 5.405244e+19 1.639909e+16 1.388099e+15 2.409015e+18 nan
8.242000e+01 1.752433e+02 1.140744e-05 5.738351e-01 4.304129e-03 7.854857e+03 2.371714e+20 1.853421e+20 4.965650e+19 1.839268e+16 1.282159e+15 2.213104e+18 nan
8.288000e+01 1.749466e+02 1.047235e-05 5.259051e-01 3.944624e-03 7.854577e+03 2.177301e+20 1.701581e+20 4.557696e+19 2.080304e+16 1.183712e+15 2.031310e+18 nan
8.334000e+01 1.747645e+02 9.606837e-06 4.819379e-01 3.614841e-03 7.854298e+03 1.997352e+20 1.561036e+20 4.180066e+19 2.376035e+16 1.092432e+15 1.863018e+18 nan
8.380000e+01 1.746827e+02 8.807564e-06 4.416348e-01 3.312543e-03 7.854018e+03 1.831176e+20 1.431245e+20 3.831320e+19 2.744059e+16 1.007957e+15 1.707605e+18 nan
8.426000e+01 1.746878e+02 8.070946e-06 4.047105e-01 3.035587e-03 7.853738e+03 1.678026e+20 1.311624e+20 3.509886e+19 3.208693e+16 9.299083e+14 1.564367e+18 nan
8.472000e+01 1.747661e+02 7.393518e-06 3.709078e-01 2.782044e-03 7.853459e+03 1.537182e+20 1.201621e+20 3.214157e+19 3.803968e+16 8.578962e+14 1.432598e+18 nan
8.518000e+01 1.749046e+02 6.771618e-06 3.399782e-01 2.550053e-03 7.853179e+03 1.407883e+20 1.100649e+20 2.942423e+19 4.578146e+16 7.915421e+14 1.311567e+18 nan
8.564000e+01 1.750899e+02 6.201363e-06 3.116778e-01 2.337782e-03 7.852900e+03 1.289322e+20 1.008074e+20 2.693025e+19 5.601115e+16 7.304594e+14 1.200445e+18 nan
8.610000e+01 1.753090e+02 5.679163e-06 2.857894e-01 2.143603e-03 7.852621e+03 1.180752e+20 9.233020e+19 2.464435e+19 6.975276e+16 6.742801e+14 1.098444e+18 nan
8.656000e+01 1.755497e+02 5.201407e-06 2.621070e-01 1.965969e-03 7.852341e+03 1.081422e+20 8.457399e+19 2.255103e+19 8.764798e+16 6.228091e+14 1.004919e+18 nan
8.702000e+01 1.758081e+02 4.764456e-06 2.404416e-01 1.803465e-03 7.852062e+03 9.905754e+19 7.747945e+19 2.063506e+19 1.087089e+17 5.759834e+14 9.192064e+17 nan
8.748000e+01 1.760843e+02 4.364836e-06 2.206207e-01 1.654796e-03 7.851783e+03 9.074907e+19 7.099003e+19 1.888130e+19 1.330550e+17 5.333450e+14 8.406823e+17 nan
8.794000e+01 1.763786e+02 3.999347e-06 2.024849e-01 1.518766e-03 7.851503e+03 8.315022e+19 6.505304e+19 1.727631e+19 1.608003e+17 4.944810e+14 7.687573e+17 nan
8.840000e+01 1.766914e+02 3.665124e-06 1.858923e-01 1.394311e-03 7.851224e+03 7.620139e+19 5.962197e+19 1.580753e+19 1.919950e+17 4.590253e+14 7.028958e+17 nan
8.886000e+01 1.770227e+02 3.359479e-06 1.707098e-01 1.280432e-03 7.850945e+03 6.984676e+19 5.465293e+19 1.446348e+19 2.266018e+17 4.266426e+14 6.425940e+17 nan
8.932000e+01 1.773729e+02 3.079975e-06 1.568166e-01 1.176224e-03 7.850665e+03 6.403558e+19 5.010623e+19 1.323360e+19 2.644991e+17 3.970332e+14 5.874005e+17 nan
8.978000e+01 1.777423e+02 2.824355e-06 1.441012e-01 1.080851e-03 7.850386e+03 5.872100e+19 4.594528e+19 1.210815e+19 3.054656e+17 3.699354e+14 5.368879e+17 nan
9.024000e+01 1.781313e+02 2.590500e-06 1.324590e-01 9.935267e-04 7.850107e+03 5.385895e+19 4.213507e+19 1.107852e+19 3.491883e+17 3.451112e+14 4.906785e+17 nan
9.070000e+01 1.785400e+02 2.376516e-06 1.217962e-01 9.135492e-04 7.849828e+03 4.941001e+19 3.864514e+19 1.013637e+19 3.952479e+17 3.223425e+14 4.484022e+17 nan
9.116000e+01 1.789689e+02 2.180727e-06 1.120305e-01 8.403002e-04 7.849549e+03 4.533937e+19 3.544858e+19 9.274410e+18 4.431163e+17 3.014402e+14 4.097384e+17 nan
9.162000e+01 1.794183e+02 2.001575e-06 1.030851e-01 7.732043e-04 7.849270e+03 4.161464e+19 3.252058e+19 8.485735e+18 4.921618e+17 2.822328e+14 3.743807e+17 8.010093e+10
9.208000e+01 1.798885e+02 1.837646e-06 9.489048e-02 7.117390e-04 7.848991e+03 3.820638e+19 2.983857e+19 7.764194e+18 5.416359e+17 2.645652e+14 3.420561e+17 8.659352e+10
9.254000e+01 1.803800e+02 1.687618e-06 8.738161e-02 6.554177e-04 7.848712e+03 3.508718e+19 2.738160e+19 7.104030e+18 5.906710e+17 2.482951e+14 3.125058e+17 9.335398e+10
9.300000e+01 1.808931e+02 1.550299e-06 8.049986e-02 6.038002e-04 7.848433e+03 3.223219e+19 2.513082e+19 6.500060e+18 6.382884e+17 2.333018e+14 2.854968e+17 1.003800e+11
9.346000e+01 1.814283e+02 1.424579e-06 7.419065e-02 5.564772e-04 7.848154e+03 2.961835e+19 2.306877e+19 5.947511e+18 6.833835e+17 2.194700e+14 2.608145e+17 1.076688e+11
9.392000e+01 1.819860e+02 1.309425e-06 6.840316e-02 5.130673e-04 7.847875e+03 2.722418e+19 2.117931e+19 5.441931e+18 7.247474e+17 2.066962e+14 2.382614e+17 1.152188e+11
9.438000e+01 1.825671e+02 1.203902e-06 6.309154e-02 4.732267e-04 7.847596e+03 2.503025e+19 1.944793e+19 4.979288e+18 7.610900e+17 1.948902e+14 2.176550e+17 1.230314e+11
9.484000e+01 1.831741e+02 1.107114e-06 5.821223e-02 4.366288e-04 7.847317e+03 2.301796e+19 1.786106e+19 4.555535e+18 7.911152e+17 1.839658e+14 1.987889e+17 1.311204e+11
9.530000e+01 1.838100e+02 1.018268e-06 5.372652e-02 4.029831e-04 7.847038e+03 2.117075e+19 1.640627e+19 4.167299e+18 8.138170e+17 1.738451e+14 1.814802e+17 1.395482e+11
9.576000e+01 1.844779e+02 9.366486e-07 4.959964e-02 3.720289e-04 7.846760e+03 1.947381e+19 1.507244e+19 3.811651e+18 8.280379e+17 1.644597e+14 1.656077e+17 1.483363e+11
9.622000e+01 1.851810e+02 8.615951e-07 4.579912e-02 3.435226e-04 7.846481e+03 1.791338e+19 1.384914e+19 3.485870e+18 8.328112e+17 1.557482e+14 1.510591e+17 1.575039e+11
9.668000e+01 1.859226e+02 7.925198e-07 4.229604e-02 3.172473e-04 7.846202e+03 1.647723e+19 1.272713e+19 3.187441e+18 8.274918e+17 1.476521e+14 1.377321e+17 1.670730e+11
9.714000e+01 1.867062e+02 7.288901e-07 3.906415e-02 2.930060e-04 7.845923e+03 1.515431e+19 1.169777e+19 2.914117e+18 8.119061e+17 1.401223e+14 1.255288e+17 1.770680e+11
9.760000e+01 1.875354e+02 6.702365e-07 3.608021e-02 2.706246e-04 7.845645e+03 1.393485e+19 1.075326e+19 2.663813e+18 7.864411e+17 1.331098e+14 1.143599e+17 1.875149e+11
9.806000e+01 1.884141e+02 6.161458e-07 3.332379e-02 2.499497e-04 7.845366e+03 1.281025e+19 9.886460e+18 2.434603e+18 7.520943e+17 1.265735e+14 1.041437e+17 1.984441e+11
9.852000e+01 1.893461e+02 5.662633e-07 3.077742e-02 2.308503e-04 7.845087e+03 1.177315e+19 9.090948e+18 2.224758e+18 7.104042e+17 1.204761e+14 9.480310e+16 2.098892e+11
9.898000e+01 1.903356e+02 5.202695e-07 2.842535e-02 2.132083e-04 7.844809e+03 1.081690e+19 8.360694e+18 2.032660e+18 6.633213e+17 1.147823e+14 8.626773e+16 2.218848e+11
9.944000e+01 1.913869e+02 4.778881e-07 2.625404e-02 1.969220e-04 7.844530e+03 9.935747e+18 7.690282e+18 1.856854e+18 6.130017e+17 1.094601e+14 7.847218e+16 2.344688e+11
9.990000e+01 1.925048e+02 4.388687e-07 2.425123e-02 1.818997e-04 7.844252e+03 9.124495e+18 7.074742e+18 1.695977e+18 5.615920e+17 1.044815e+14 7.135529e+16 2.476837e+11
1.003600e+02 1.936942e+02 4.029775e-07 2.240551e-02 1.680556e-04 7.843973e+03 8.378284e+18 6.509468e+18 1.548791e+18 5.109851e+17 9.981849e+13 6.486187e+16 2.615696e+11
1.008200e+02 1.949601e+02 3.700019e-07 2.070653e-02 1.553122e-04 7.843695e+03 7.692689e+18 5.990360e+18 1.414177e+18 4.627089e+17 9.544831e+13 5.894019e+16 2.761758e+11
1.012800e+02 1.963084e+02 3.397298e-07 1.914388e-02 1.435913e-04 7.843416e+03 7.063303e+18 5.513536e+18 1.291068e+18 4.178416e+17 9.134791e+13 5.354242e+16 2.915489e+11
1.017400e+02 1.977448e+02 3.119610e-07 1.770774e-02 1.328193e-04 7.843138e+03 6.485965e+18 5.075488e+18 1.178511e+18 3.770060e+17 8.749686e+13 4.862442e+16 3.077401e+11
1.022000e+02 1.992759e+02 2.865070e-07 1.638881e-02 1.229265e-04 7.842860e+03 5.956750e+18 4.673068e+18 1.075633e+18 3.404577e+17 8.387606e+13 4.414589e+16 3.248011e+11
1.026600e+02 2.009085e+02 2.631819e-07 1.517791e-02 1.138440e-04 7.842581e+03 5.471800e+18 4.303293e+18 9.816195e+17 3.081546e+17 8.046983e+13 4.006915e+16 3.427889e+11
1.031200e+02 2.026501e+02 2.418126e-07 1.406642e-02 1.055071e-04 7.842303e+03 5.027513e+18 3.963477e+18 8.957249e+17 2.798557e+17 7.726035e+13 3.636033e+16 3.617560e+11
1.035800e+02 2.045089e+02 2.222371e-07 1.304626e-02 9.785529e-05 7.842025e+03 4.620519e+18 3.651167e+18 8.172660e+17 2.552012e+17 7.423414e+13 3.298727e+16 3.817621e+11
1.040400e+02 2.064934e+02 2.043020e-07 1.210978e-02 9.083107e-05 7.841746e+03 4.247632e+18 3.364068e+18 7.456279e+17 2.337346e+17 7.137665e+13 2.992495e+16 4.027983e+11
1.045000e+02 2.086130e+02 1.878696e-07 1.125007e-02 8.438271e-05 7.841468e+03 3.905986e+18 3.100127e+18 6.802625e+17 2.150176e+17 6.867546e+13 2.714901e+16 4.248168e+11
1.049600e+02 2.108733e+02 1.728134e-07 1.046060e-02 7.846115e-05 7.841190e+03 3.592954e+18 2.857486e+18 6.206396e+17 1.986746e+17 6.612043e+13 2.463342e+16 4.478598e+11
1.054200e+02 2.132759e+02 1.590208e-07 9.735388e-03 7.302161e-05 7.840912e+03 3.306192e+18 2.634500e+18 5.662793e+17 1.843626e+17 6.370275e+13 2.235485e+16 4.719799e+11
1.058800e+02 2.158229e+02 1.463869e-07 9.068953e-03 6.802293e-05 7.840634e+03 3.043522e+18 2.429618e+18 5.167433e+17 1.717767e+17 6.141466e+13 2.029153e+16 4.972310e+11
1.063400e+02 2.185161e+02 1.348156e-07 8.456313e-03 6.342774e-05 7.840356e+03 2.802944e+18 2.241422e+18 4.716232e+17 1.606543e+17 5.924864e+13 1.842378e+16 5.236663e+11
1.068000e+02 2.213578e+02 1.242157e-07 7.892760e-03 5.920073e-05 7.840077e+03 2.582562e+18 2.068544e+18 4.305347e+17 1.507670e+17 5.719726e+13 1.673324e+16 5.513417e+11
1.072600e+02 2.243501e+02 1.145061e-07 7.374159e-03 5.531089e-05 7.839799e+03 2.380690e+18 1.909774e+18 3.931280e+17 1.419257e+17 5.523738e+13 1.520339e+16 5.803116e+11
1.077200e+02 2.274955e+02 1.056101e-07 6.896615e-03 5.172900e-05 7.839521e+03 2.195734e+18 1.763944e+18 3.590798e+17 1.339693e+17 5.334439e+13 1.381922e+16 6.106295e+11
1.081800e+02 2.307965e+02 9.745907e-08 6.456676e-03 4.842919e-05 7.839243e+03 2.026266e+18 1.630010e+18 3.280961e+17 1.267649e+17 5.151673e+13 1.256674e+16 6.423558e+11
1.086400e+02 2.342553e+02 8.998866e-08 6.051107e-03 4.538716e-05 7.838965e+03 1.870949e+18 1.506987e+18 2.999013e+17 1.202017e+17 4.975272e+13 1.143349e+16 6.755395e+11
1.091000e+02 2.378745e+02 8.314053e-08 5.676992e-03 4.258106e-05 7.838687e+03 1.728570e+18 1.393974e+18 2.742448e+17 1.141891e+17 4.805102e+13 1.040792e+16 7.102395e+11
1.095600e+02 2.416564e+02 7.686164e-08 5.331697e-03 3.999113e-05 7.838410e+03 1.598026e+18 1.290146e+18 2.509011e+17 1.086512e+17 4.641003e+13 9.479815e+15 7.465142e+11
1.100200e+02 2.456030e+02 7.110281e-08 5.012773e-03 3.759899e-05 7.838132e+03 1.478295e+18 1.194735e+18 2.296594e+17 1.035260e+17 4.482786e+13 8.639783e+15 7.844151e+11
1.104800e+02 2.497167e+02 6.581934e-08 4.718007e-03 3.538806e-05 7.837854e+03 1.368446e+18 1.107041e+18 2.103295e+17 9.876100e+16 4.330299e+13 7.879216e+15 8.239993e+11
1.109400e+02 2.539989e+02 6.097086e-08 4.445408e-03 3.334340e-05 7.837576e+03 1.267642e+18 1.026429e+18 1.927368e+17 9.431385e+16 4.183391e+13 7.190459e+15 8.653254e+11
1.114000e+02 2.584512e+02 5.651940e-08 4.193084e-03 3.145080e-05 7.837298e+03 1.175092e+18 9.522977e+17 1.767207e+17 9.014874e+16 4.041906e+13 6.566565e+15 9.084486e+11
1.118600e+02 2.630745e+02 5.243150e-08 3.959392e-03 2.969797e-05 7.837021e+03 1.090100e+18 8.841147e+17 1.621397e+17 8.623676e+16 3.905681e+13 6.001230e+15 9.534238e+11
1.123200e+02 2.678694e+02 4.867584e-08 3.742778e-03 2.807322e-05 7.836743e+03 1.012017e+18 8.213804e+17 1.488615e+17 8.255212e+16 3.774580e+13 5.488814e+15 1.000314e+12
1.127800e+02 2.728357e+02 4.522441e-08 3.541862e-03 2.656622e-05 7.836465e+03 9.402582e+17 7.636486e+17 1.367664e+17 7.907476e+16 3.648446e+13 5.024198e+15 1.049182e+12
1.132400e+02 2.779726e+02 4.205092e-08 3.355328e-03 2.516710e-05 7.836187e+03 8.742783e+17 7.104947e+17 1.257456e+17 7.578664e+16 3.527153e+13 4.602684e+15 1.100088e+12
1.137000e+02 2.832784e+02 3.913214e-08 3.182032e-03 2.386727e-05 7.835910e+03 8.135941e+17 6.615455e+17 1.157016e+17 7.267299e+16 3.410564e+13 4.220188e+15 1.153098e+12
1.141600e+02 2.887503e+02 3.644639e-08 3.020887e-03 2.265858e-05 7.835632e+03 7.577549e+17 6.164511e+17 1.065436e+17 6.972135e+16 3.298555e+13 3.872909e+15 1.208287e+12
1.146200e+02 2.943842e+02 3.397397e-08 2.870901e-03 2.153359e-05 7.835355e+03 7.063509e+17 5.748904e+17 9.819171e+16 6.692017e+16 3.190989e+13 3.557460e+15 1.265728e+12
1.150800e+02 3.001763e+02 3.169686e-08 2.731179e-03 2.048558e-05 7.835077e+03 6.590078e+17 5.365713e+17 9.057146e+16 6.426017e+16 3.087747e+13 3.270771e+15 1.325497e+12
1.155400e+02 3.061268e+02 2.959833e-08 2.600915e-03 1.950852e-05 7.834800e+03 6.153773e+17 5.012209e+17 8.361461e+16 6.173177e+16 2.988671e+13 3.010064e+15 1.387659e+12
1.160000e+02 3.122366e+02 2.766279e-08 2.479347e-03 1.859668e-05 7.834522e+03 5.751356e+17 4.685843e+17 7.725881e+16 5.932625e+16 2.893556e+13 2.772743e+15 1.452259e+12
1.164600e+02 3.185058e+02 2.587653e-08 2.365815e-03 1.774512e-05 7.834245e+03 5.379975e+17 4.384374e+17 7.144883e+16 5.703602e+16 2.802255e+13 2.556590e+15 1.519363e+12
1.169200e+02 3.249339e+02 2.422668e-08 2.259678e-03 1.694902e-05 7.833967e+03 5.036957e+17 4.105688e+17 6.613359e+16 5.485395e+16 2.714621e+13 2.359558e+15 1.589023e+12
1.173800e+02 3.315199e+02 2.270178e-08 2.160364e-03 1.620411e-05 7.833690e+03 4.719914e+17 3.847897e+17 6.126791e+16 5.277403e+16 2.630456e+13 2.179804e+15 1.661303e+12
1.178400e+02 3.382619e+02 2.129157e-08 2.067371e-03 1.550660e-05 7.833412e+03 4.426719e+17 3.609312e+17 5.681102e+16 5.079147e+16 2.549242e+13 2.015692e+15 1.736274e+12
1.183000e+02 3.451572e+02 1.998651e-08 1.980211e-03 1.485285e-05 7.833135e+03 4.155384e+17 3.388360e+17 5.272594e+16 4.890069e+16 2.470811e+13 1.865761e+15 1.814007e+12
1.187600e+02 3.522016e+02 1.877795e-08 1.898441e-03 1.423952e-05 7.832858e+03 3.904113e+17 3.183613e+17 4.897860e+16 4.709694e+16 2.395118e+13 1.728662e+15 1.894552e+12
1.192200e+02 3.593906e+02 1.765818e-08 1.821672e-03 1.366370e-05 7.832580e+03 3.671302e+17 2.993788e+17 4.553969e+16 4.537658e+16 2.322111e+13 1.603228e+15 1.978021e+12
1.196800e+02 3.667177e+02 1.661998e-08 1.749524e-03 1.312255e-05 7.832303e+03 3.455451e+17 2.817689e+17 4.238152e+16 4.373543e+16 2.251730e+13 1.488372e+15 2.064474e+12
1.201400e+02 3.741755e+02 1.565691e-08 1.681663e-03 1.261354e-05 7.832026e+03 3.255220e+17 2.654248e+17 3.947927e+16 4.217022e+16 2.183929e+13 1.383137e+15 2.154042e+12
1.206000e+02 3.817547e+02 1.476311e-08 1.617781e-03 1.213439e-05 7.831749e+03 3.069389e+17 2.502480e+17 3.681125e+16 4.067775e+16 2.118656e+13 1.286642e+15 2.246817e+12
1.210600e+02 3.894447e+02 1.393311e-08 1.557583e-03 1.168287e-05 7.831472e+03 2.896825e+17 2.361476e+17 3.435703e+16 3.925468e+16 2.055866e+13 1.198093e+15 2.342919e+12
1.215200e+02 3.972328e+02 1.316214e-08 1.500822e-03 1.125712e-05 7.831194e+03 2.736534e+17 2.230437e+17 3.209893e+16 3.789867e+16 1.995511e+13 1.116803e+15 2.442488e+12
1.219800e+02 4.051049e+02 1.244559e-08 1.447240e-03 1.085522e-05 7.830917e+03 2.587556e+17 2.108594e+17 3.001961e+16 3.660658e+16 1.937547e+13 1.042110e+15 2.545681e+12
1.224400e+02 4.130441e+02 1.177928e-08 1.396603e-03 1.047541e-05 7.830640e+03 2.449025e+17 1.995244e+17 2.810387e+16 3.537628e+16 1.881935e+13 9.734501e+14 2.652652e+12
1.229000e+02 4.210318e+02 1.115961e-08 1.348719e-03 1.011625e-05 7.830363e+03 2.320188e+17 1.889787e+17 2.633826e+16 3.420529e+16 1.828635e+13 9.103678e+14 2.763602e+12
1.233600e+02 4.290470e+02 1.058304e-08 1.303385e-03 9.776218e-06 7.830086e+03 2.200313e+17 1.791628e+17 2.470982e+16 3.309156e+16 1.777604e+13 8.523663e+14 2.878760e+12
1.238200e+02 4.370663e+02 1.004644e-08 1.260424e-03 9.453987e-06 7.829809e+03 2.088749e+17 1.700248e+17 2.320728e+16 3.203217e+16 1.728809e+13 7.990108e+14 2.998162e+12
1.242800e+02 4.450639e+02 9.546834e-09 1.219661e-03 9.148237e-06 7.829532e+03 1.984877e+17 1.615154e+17 2.182015e+16 3.102327e+16 1.682209e+13 7.498873e+14 3.121922e+12
1.247400e+02 4.530113e+02 9.081581e-09 1.180941e-03 8.857806e-06 7.829255e+03 1.888146e+17 1.535898e+17 2.053909e+16 3.006331e+16 1.637776e+13 7.046427e+14 3.250310e+12
1.252000e+02 4.608784e+02 8.648273e-09 1.144125e-03 8.581663e-06 7.828978e+03 1.798058e+17 1.462072e+17 1.935548e+16 2.915121e+16 1.595471e+13 6.629428e+14 3.383620e+12
1.256600e+02 4.686488e+02 8.244366e-09 1.109079e-03 8.318797e-06 7.828701e+03 1.714082e+17 1.393247e+17 1.826079e+16 2.828421e+16 1.555208e+13 6.244663e+14 3.522082e+12
1.261200e+02 4.763225e+02 7.867312e-09 1.075685e-03 8.068321e-06 7.828425e+03 1.635688e+17 1.328992e+17 1.724677e+16 2.745935e+16 1.516853e+13 5.889018e+14 3.665767e+12
1.265800e+02 4.839009e+02 7.514793e-09 1.043833e-03 7.829413e-06 7.828148e+03 1.562397e+17 1.268912e+17 1.630601e+16 2.667368e+16 1.480277e+13 5.559788e+14 3.814777e+12
1.270400e+02 4.913853e+02 7.184720e-09 1.013420e-03 7.601296e-06 7.827871e+03 1.493771e+17 1.212651e+17 1.543207e+16 2.592457e+16 1.445356e+13 5.254503e+14 3.969209e+12
1.275000e+02 4.987767e+02 6.875273e-09 9.843593e-04 7.383322e-06 7.827594e+03 1.429434e+17 1.159905e+17 1.461894e+16 2.520944e+16 1.411993e+13 4.971016e+14 4.129130e+12
1.279600e+02 5.060764e+02 6.584756e-09 9.565623e-04 7.174827e-06 7.827318e+03 1.369033e+17 1.110380e+17 1.386145e+16 2.452640e+16 1.380084e+13 4.707402e+14 4.294645e+12
1.284200e+02 5.132854e+02 6.311685e-09 9.299545e-04 6.975251e-06 7.827041e+03 1.312259e+17 1.063830e+17 1.315484e+16 2.387305e+16 1.349537e+13 4.461916e+14 4.465836e+12
1.288800e+02 5.204052e+02 6.054675e-09 9.044613e-04 6.784036e-06 7.826764e+03 1.258824e+17 1.020015e+17 1.249486e+16 2.324779e+16 1.320272e+13 4.233003e+14 4.642810e+12
1.293400e+02 5.274364e+02 5.812521e-09 8.800192e-04 6.600705e-06 7.826488e+03 1.208478e+17 9.787334e+16 1.187773e+16 2.264878e+16 1.292216e+13 4.019269e+14 4.825621e+12
1.298000e+02 5.343806e+02 5.584108e-09 8.565683e-04 6.424808e-06 7.826211e+03 1.160989e+17 9.397935e+16 1.130001e+16 2.207457e+16 1.265289e+13 3.819477e+14 5.014382e+12
1.302600e+02 5.412385e+02 5.368416e-09 8.340505e-04 6.255911e-06 7.825934e+03 1.116144e+17 9.030226e+16 1.075856e+16 2.152370e+16 1.239431e+13 3.632484e+14 5.209156e+12
1.307200e+02 5.480113e+02 5.164537e-09 8.124159e-04 6.093637e-06 7.825658e+03 1.073756e+17 8.682661e+16 1.025059e+16 2.099481e+16 1.214584e+13 3.457293e+14 5.410047e+12
1.311800e+02 5.547001e+02 4.971617e-09 7.916139e-04 5.937609e-06 7.825381e+03 1.033646e+17 8.353786e+16 9.773566e+15 2.048663e+16 1.190687e+13 3.292946e+14 5.617126e+12
1.316400e+02 5.613062e+02 4.788892e-09 7.716004e-04 5.787495e-06 7.825105e+03 9.956560e+16 8.042295e+16 9.325058e+15 1.999820e+16 1.167690e+13 3.138647e+14 5.830457e+12
1.321000e+02 5.678305e+02 4.615663e-09 7.523333e-04 5.642979e-06 7.824828e+03 9.596398e+16 7.747003e+16 8.903043e+15 1.952828e+16 1.145540e+13 2.993599e+14 6.050161e+12
1.325600e+02 5.742734e+02 4.451314e-09 7.337778e-04 5.503801e-06 7.824552e+03 9.254704e+16 7.466873e+16 8.505567e+15 1.907593e+16 1.124201e+13 2.857137e+14 6.276257e+12
1.330200e+02 5.806370e+02 4.295210e-09 7.158906e-04 5.369635e-06 7.824275e+03 8.930147e+16 7.200794e+16 8.130855e+15 1.864030e+16 1.103623e+13 2.728631e+14 6.508863e+12
1.334800e+02 5.869214e+02 4.146846e-09 6.986430e-04 5.240268e-06 7.823999e+03 8.621684e+16 6.947930e+16 7.777303e+15 1.822052e+16 1.083775e+13 2.607495e+14 6.748012e+12
1.339400e+02 5.931283e+02 4.005700e-09 6.820004e-04 5.115437e-06 7.823723e+03 8.328229e+16 6.707381e+16 7.443447e+15 1.781572e+16 1.064609e+13 2.493194e+14 6.993794e+12
1.344000e+02 5.992579e+02 3.871337e-09 6.659357e-04 4.994942e-06 7.823446e+03 8.048876e+16 6.478410e+16 7.127933e+15 1.742519e+16 1.046100e+13 2.385281e+14 7.246249e+12
1.348600e+02 6.053118e+02 3.743321e-09 6.504198e-04 4.878563e-06 7.823170e+03 7.782719e+16 6.260267e+16 6.829497e+15 1.704831e+16 1.028212e+13 2.283296e+14 7.505474e+12
1.353200e+02 6.112908e+02 3.621266e-09 6.354272e-04 4.766109e-06 7.822894e+03 7.528954e+16 6.052296e+16 6.547035e+15 1.668438e+16 1.010916e+13 2.186832e+14 7.771493e+12
1.357800e+02 6.171956e+02 3.504821e-09 6.209351e-04 4.657409e-06 7.822618e+03 7.286855e+16 5.853902e+16 6.279455e+15 1.633286e+16 9.941843e+12 2.095536e+14 8.044348e+12
1.362400e+02 6.230274e+02 3.393631e-09 6.069170e-04 4.552264e-06 7.822341e+03 7.055679e+16 5.664468e+16 6.025860e+15 1.599306e+16 9.779894e+12 2.009053e+14 8.324108e+12
1.367000e+02 6.287867e+02 3.287402e-09 5.933538e-04 4.450531e-06 7.822065e+03 6.834820e+16 5.483511e+16 5.785247e+15 1.566453e+16 9.623108e+12 1.927073e+14 8.610794e+12
1.371600e+02 6.344751e+02 3.185847e-09 5.802258e-04 4.352064e-06 7.821789e+03 6.623678e+16 5.310528e+16 5.556897e+15 1.534668e+16 9.471156e+12 1.849302e+14 8.904475e+12
1.376200e+02 6.400930e+02 3.088687e-09 5.675112e-04 4.256696e-06 7.821513e+03 6.421672e+16 5.145042e+16 5.340003e+15 1.503906e+16 9.323913e+12 1.775481e+14 9.205133e+12
1.380800e+02 6.456413e+02 2.995682e-09 5.551938e-04 4.164307e-06 7.821237e+03 6.228306e+16 4.986641e+16 5.133913e+15 1.474129e+16 9.181129e+12 1.705351e+14 9.512873e+12
1.385400e+02 6.511208e+02 2.906615e-09 5.432586e-04 4.074785e-06 7.820961e+03 6.043126e+16 4.834962e+16 4.937943e+15 1.445289e+16 9.042636e+12 1.638704e+14 9.827622e+12
1.390000e+02 6.565330e+02 2.821243e-09 5.316852e-04 3.987978e-06 7.820685e+03 5.865631e+16 4.689587e+16 4.751493e+15 1.417340e+16 8.908204e+12 1.575308e+14 1.014946e+13
1.394600e+02 6.618779e+02 2.739387e-09 5.204618e-04 3.903795e-06 7.820409e+03 5.695445e+16 4.550204e+16 4.573991e+15 1.390263e+16 8.777709e+12 1.514979e+14 1.047837e+13
1.399200e+02 6.671567e+02 2.660857e-09 5.095736e-04 3.822126e-06 7.820133e+03 5.532173e+16 4.416498e+16 4.404920e+15 1.364006e+16 8.650959e+12 1.457522e+14 1.081433e+13
1.403800e+02 6.723704e+02 2.585457e-09 4.990033e-04 3.742843e-06 7.819857e+03 5.375410e+16 4.288125e+16 4.243778e+15 1.338539e+16 8.527822e+12 1.402784e+14 1.115741e+13
1.408400e+02 6.775195e+02 2.513049e-09 4.887427e-04 3.665881e-06 7.819581e+03 5.224866e+16 4.164861e+16 4.090119e+15 1.313827e+16 8.408115e+12 1.350600e+14 1.150751e+13
1.413000e+02 6.826050e+02 2.443460e-09 4.787759e-04 3.591124e-06 7.819305e+03 5.080185e+16 4.046398e+16 3.943504e+15 1.289850e+16 8.291749e+12 1.300826e+14 1.186470e+13
1.417600e+02 6.876274e+02 2.376563e-09 4.690942e-04 3.518506e-06 7.819029e+03 4.941100e+16 3.932530e+16 3.803562e+15 1.266569e+16 8.178557e+12 1.253363e+14 1.222886e+13
1.422200e+02 6.925881e+02 2.312208e-09 4.596841e-04 3.447924e-06 7.818754e+03 4.807298e+16 3.822992e+16 3.669893e+15 1.243961e+16 8.068413e+12 1.208066e+14 1.260002e+13
1.426800e+02 6.974874e+02 2.250284e-09 4.505379e-04 3.379321e-06 7.818478e+03 4.678554e+16 3.717606e+16 3.542170e+15 1.221998e+16 7.961212e+12 1.164817e+14 1.297817e+13
1.431400e+02 7.023261e+02 2.190660e-09 4.416429e-04 3.312603e-06 7.818202e+03 4.554589e+16 3.616140e+16 3.420062e+15 1.200653e+16 7.856829e+12 1.123505e+14 1.336316e+13
1.436000e+02 7.071051e+02 2.133230e-09 4.329914e-04 3.247712e-06 7.817926e+03 4.435188e+16 3.518416e+16 3.303278e+15 1.179905e+16 7.755178e+12 1.084016e+14 1.375485e+13
1.440600e+02 7.118251e+02 2.077889e-09 4.245738e-04 3.184574e-06 7.817651e+03 4.320128e+16 3.424270e+16 3.191526e+15 1.159703e+16 7.656148e+12 1.046260e+14 1.415284e+13
1.445200e+02 7.164868e+02 2.024527e-09 4.163794e-04 3.123110e-06 7.817375e+03 4.209182e+16 3.333506e+16 3.084529e+15 1.140035e+16 7.559618e+12 1.010136e+14 1.455710e+13
1.449800e+02 7.210907e+02 1.973062e-09 4.084022e-04 3.063277e-06 7.817099e+03 4.102182e+16 3.245991e+16 2.982087e+15 1.120871e+16 7.465547e+12 9.755633e+13 1.496748e+13
1.454400e+02 7.256380e+02 1.923391e-09 4.006316e-04 3.004992e-06 7.816824e+03 3.998912e+16 3.161547e+16 2.883906e+15 1.102194e+16 7.373818e+12 9.424589e+13 1.538384e+13
1.459000e+02 7.301290e+02 1.875447e-09 3.930628e-04 2.948222e-06 7.816548e+03 3.899232e+16 3.080057e+16 2.789805e+15 1.083991e+16 7.284354e+12 9.107435e+13 1.580614e+13
1.463600e+02 7.345648e+02 1.829149e-09 3.856885e-04 2.892909e-06 7.816272e+03 3.802973e+16 3.001385e+16 2.699572e+15 1.066242e+16 7.197051e+12 8.803529e+13 1.623415e+13
1.468200e+02 7.389458e+02 1.784421e-09 3.785014e-04 2.839001e-06 7.815997e+03 3.709980e+16 2.925403e+16 2.613006e+15 1.048932e+16 7.111865e+12 8.512100e+13 1.666778e+13
1.472800e+02 7.432726e+02 1.741191e-09 3.714942e-04 2.786443e-06 7.815721e+03 3.620100e+16 2.851979e+16 2.529924e+15 1.032049e+16 7.028728e+12 8.232590e+13 1.710678e+13
1.477400e+02 7.475461e+02 1.699399e-09 3.646624e-04 2.735200e-06 7.815446e+03 3.533212e+16 2.781019e+16 2.450161e+15 1.015577e+16 6.947546e+12 7.964402e+13 1.755109e+13
1.482000e+02 7.517668e+02 1.658979e-09 3.579989e-04 2.685220e-06 7.815171e+03 3.449175e+16 2.712404e+16 2.373565e+15 9.995000e+15 6.868270e+12 7.706919e+13 1.800051e+13
1.486600e+02 7.559355e+02 1.619881e-09 3.515001e-04 2.636475e-06 7.814895e+03 3.367886e+16 2.646050e+16 2.299971e+15 9.838142e+15 6.790814e+12 7.459705e+13 1.845480e+13
1.491200e+02 7.600528e+02 1.582039e-09 3.451584e-04 2.588908e-06 7.814620e+03 3.289209e+16 2.581847e+16 2.229234e+15 9.684917e+15 6.715157e+12 7.222174e+13 1.891383e+13
1.495800e+02 7.641194e+02 1.545402e-09 3.389693e-04 2.542486e-06 7.814344e+03 3.213038e+16 2.519704e+16 2.161226e+15 9.535317e+15 6.641221e+12 6.993889e+13 1.937737e+13
1.500400e+02 7.681357e+02 1.509924e-09 3.329283e-04 2.497174e-06 7.814069e+03 3.139275e+16 2.459540e+16 2.095825e+15 9.389231e+15 6.568951e+12 6.774464e+13 1.984531e+13
1.505000e+02 7.721027e+02 1.475558e-09 3.270309e-04 2.452940e-06 7.813794e+03 3.067824e+16 2.401279e+16 2.032891e+15 9.246511e+15 6.498272e+12 6.563448e+13 2.031726e+13
1.509600e+02 7.760206e+02 1.442253e-09 3.212715e-04 2.409741e-06 7.813518e+03 2.998580e+16 2.344832e+16 1.972332e+15 9.107052e+15 6.429174e+12 6.360399e+13 2.079313e+13
1.514200e+02 7.798903e+02 1.409977e-09 3.156481e-04 2.367562e-06 7.813243e+03 2.931476e+16 2.290147e+16 1.914029e+15 8.970754e+15 6.361574e+12 6.165041e+13 2.127260e+13
1.518800e+02 7.837124e+02 1.378675e-09 3.101531e-04 2.326346e-06 7.812968e+03 2.866396e+16 2.237125e+16 1.857877e+15 8.837519e+15 6.295450e+12 5.976968e+13 2.175550e+13
1.523400e+02 7.874872e+02 1.348320e-09 3.047854e-04 2.286084e-06 7.812693e+03 2.803285e+16 2.185722e+16 1.803792e+15 8.707260e+15 6.230760e+12 5.795825e+13 2.224161e+13
1.528000e+02 7.912157e+02 1.318868e-09 2.995392e-04 2.246735e-06 7.812418e+03 2.742051e+16 2.135862e+16 1.751665e+15 8.579881e+15 6.167439e+12 5.621360e+13 2.273064e+13
1.532600e+02 7.948982e+02 1.290290e-09 2.944126e-04 2.208282e-06 7.812143e+03 2.682635e+16 2.087498e+16 1.701427e+15 8.455300e+15 6.105459e+12 5.453248e+13 2.322226e+13
1.537200e+02 7.985354e+02 1.262548e-09 2.894006e-04 2.170689e-06 7.811867e+03 2.624956e+16 2.040559e+16 1.652986e+15 8.333435e+15 6.044782e+12 5.291204e+13 2.371632e+13
1.541800e+02 8.021276e+02 1.235614e-09 2.845011e-04 2.133939e-06 7.811592e+03 2.568959e+16 1.995004e+16 1.606268e+15 8.214208e+15 5.985374e+12 5.134977e+13 2.421246e+13
1.546400e+02 8.056758e+02 1.209452e-09 2.797091e-04 2.097996e-06 7.811317e+03 2.514565e+16 1.950768e+16 1.561190e+15 8.097507e+15 5.927183e+12 4.984323e+13 2.471054e+13
1.551000e+02 8.091804e+02 1.184036e-09 2.750222e-04 2.062842e-06 7.811042e+03 2.461723e+16 1.907805e+16 1.517684e+15 7.983293e+15 5.870191e+12 4.838961e+13 2.521015e+13
1.555600e+02 8.126416e+02 1.159341e-09 2.704379e-04 2.028457e-06 7.810767e+03 2.410379e+16 1.866073e+16 1.475700e+15 7.871499e+15 5.814344e+12 4.698697e+13 2.571101e+13
1.560200e+02 8.160604e+02 1.135339e-09 2.659533e-04 1.994820e-06 7.810492e+03 2.360477e+16 1.825528e+16 1.435165e+15 7.762020e+15 5.759640e+12 4.563323e+13 2.621296e+13
1.564800e+02 8.194370e+02 1.112006e-09 2.615654e-04 1.961907e-06 7.810218e+03 2.311966e+16 1.786123e+16 1.396009e+15 7.654856e+15 5.705997e+12 4.432613e+13 2.671555e+13
1.569400e+02 8.227722e+02 1.089313e-09 2.572705e-04 1.929693e-06 7.809943e+03 2.264785e+16 1.747813e+16 1.358184e+15 7.549852e+15 5.653451e+12 4.306379e+13 2.721859e+13
1.574000e+02 8.260663e+02 1.067244e-09 2.530673e-04 1.898166e-06 7.809668e+03 2.218900e+16 1.710569e+16 1.321633e+15 7.446981e+15 5.601919e+12 4.184433e+13 2.772179e+13
1.578600e+02 8.293198e+02 1.045771e-09 2.489522e-04 1.867300e-06 7.809393e+03 2.174256e+16 1.674342e+16 1.286306e+15 7.346211e+15 5.551406e+12 4.066621e+13 2.822481e+13
1.583200e+02 8.325334e+02 1.024877e-09 2.449238e-04 1.837084e-06 7.809118e+03 2.130816e+16 1.639104e+16 1.252146e+15 7.247486e+15 5.501877e+12 3.952755e+13 2.872738e+13
1.587800e+02 8.357074e+02 1.004541e-09 2.409791e-04 1.807497e-06 7.808843e+03 2.088535e+16 1.604819e+16 1.219122e+15 7.150723e+15 5.453296e+12 3.842697e+13 2.922918e+13
1.592400e+02 8.388425e+02 9.847401e-10 2.371153e-04 1.778516e-06 7.808569e+03 2.047368e+16 1.571448e+16 1.187177e+15 7.055843e+15 5.405637e+12 3.736244e+13 2.972993e+13
1.597000e+02 8.419390e+02 9.654642e-10 2.333320e-04 1.750139e-06 7.808294e+03 2.007291e+16 1.538974e+16 1.156267e+15 6.962850e+15 5.358888e+12 3.633304e+13 3.022935e+13
1.601600e+02 8.449974e+02 9.466885e-10 2.296254e-04 1.722337e-06 7.808019e+03 1.968255e+16 1.507352e+16 1.126356e+15 6.871696e+15 5.313018e+12 3.533744e+13 3.072701e+13
1.606200e+02 8.480182e+02 9.283979e-10 2.259940e-04 1.695099e-06 7.807745e+03 1.930227e+16 1.476560e+16 1.097407e+15 6.782254e+15 5.268003e+12 3.437398e+13 3.122280e+13
1.610800e+02 8.510020e+02 9.105765e-10 2.224357e-04 1.668410e-06 7.807470e+03 1.893175e+16 1.446567e+16 1.069377e+15 6.694582e+15 5.223844e+12 3.344135e+13 3.171639e+13
1.615400e+02 8.539490e+02 8.932101e-10 2.189491e-04 1.642258e-06 7.807195e+03 1.857068e+16 1.417353e+16 1.042236e+15 6.608535e+15 5.180488e+12 3.253868e+13 3.220735e+13
1.620000e+02 8.568599e+02 8.762803e-10 2.155313e-04 1.616622e-06 7.806921e+03 1.821870e+16 1.388884e+16 1.015943e+15 6.524121e+15 5.137928e+12 3.166486e+13 3.269557e+13
1.624600e+02 8.597351e+02 8.597765e-10 2.121816e-04 1.591497e-06 7.806646e+03 1.787557e+16 1.361142e+16 9.904714e+14 6.441298e+15 5.096142e+12 3.081837e+13 3.318060e+13
1.629200e+02 8.625748e+02 8.436837e-10 2.088978e-04 1.566867e-06 7.806372e+03 1.754098e+16 1.334100e+16 9.657961e+14 6.360031e+15 5.055116e+12 2.999873e+13 3.366228e+13
1.633800e+02 8.653798e+02 8.279901e-10 2.056787e-04 1.542722e-06 7.806097e+03 1.721470e+16 1.307742e+16 9.418734e+14 6.280252e+15 5.014818e+12 2.920459e+13 3.414023e+13
1.638400e+02 8.681503e+02 8.126805e-10 2.025220e-04 1.519044e-06 7.805823e+03 1.689639e+16 1.282038e+16 9.186874e+14 6.201951e+15 4.975254e+12 2.843507e+13 3.461424e+13
1.643000e+02 8.708867e+02 7.977424e-10 1.994260e-04 1.495822e-06 7.805548e+03 1.658582e+16 1.256967e+16 8.962019e+14 6.125068e+15 4.936385e+12 2.768920e+13 3.508404e+13
1.647600e+02 8.735896e+02 7.831658e-10 1.963897e-04 1.473048e-06 7.805274e+03 1.628276e+16 1.232513e+16 8.744023e+14 6.049592e+15 4.898197e+12 2.696615e+13 3.554932e+13
1.652200e+02 8.762593e+02 7.689410e-10 1.934119e-04 1.450712e-06 7.805000e+03 1.598701e+16 1.208661e+16 8.532484e+14 5.975467e+15 4.860693e+12 2.626523e+13 3.600977e+13
1.656800e+02 8.788963e+02 7.550532e-10 1.904902e-04 1.428798e-06 7.804725e+03 1.569827e+16 1.185384e+16 8.327306e+14 5.902636e+15 4.823829e+12 2.558558e+13 3.646536e+13
1.661400e+02 8.815009e+02 7.414938e-10 1.876238e-04 1.407298e-06 7.804451e+03 1.541636e+16 1.162666e+16 8.128147e+14 5.831115e+15 4.787610e+12 2.492627e+13 3.691558e+13
1.666000e+02 8.840735e+02 7.282550e-10 1.848117e-04 1.386205e-06 7.804177e+03 1.514111e+16 1.140496e+16 7.934925e+14 5.760853e+15 4.752012e+12 2.428680e+13 3.736036e+13
1.670600e+02 8.866147e+02 7.153251e-10 1.820522e-04 1.365508e-06 7.803902e+03 1.487229e+16 1.118853e+16 7.747288e+14 5.691817e+15 4.717021e+12 2.366631e+13 3.779932e+13
1.675200e+02 8.891246e+02 7.026957e-10 1.793442e-04 1.345196e-06 7.803628e+03 1.460971e+16 1.097723e+16 7.565135e+14 5.623981e+15 4.682624e+12 2.306425e+13 3.823241e+13
1.679800e+02 8.916038e+02 6.903550e-10 1.766859e-04 1.325257e-06 7.803354e+03 1.435313e+16 1.077083e+16 7.388256e+14 5.557337e+15 4.648818e+12 2.247993e+13 3.865920e+13
1.684400e+02 8.940526e+02 6.782993e-10 1.740772e-04 1.305690e-06 7.803080e+03 1.410248e+16 1.056932e+16 7.216420e+14 5.491817e+15 4.615571e+12 2.191274e+13 3.907962e+13
1.689000e+02 8.964712e+02 6.665172e-10 1.715162e-04 1.286481e-06 7.802806e+03 1.385752e+16 1.037247e+16 7.049515e+14 5.427396e+15 4.582891e+12 2.136196e+13 3.949352e+13
1.693600e+02 8.988604e+02 6.549996e-10 1.690016e-04 1.267620e-06 7.802532e+03 1.361806e+16 1.018013e+16 6.887351e+14 5.364069e+15 4.550737e+12 2.082729e+13 3.990046e+13
1.698200e+02 9.012203e+02 6.437403e-10 1.665326e-04 1.249100e-06 7.802258e+03 1.338397e+16 9.992207e+15 6.729722e+14 5.301790e+15 4.519125e+12 2.030789e+13 4.030058e+13
1.702800e+02 9.035511e+02 6.327321e-10 1.641082e-04 1.230916e-06 7.801983e+03 1.315510e+16 9.808548e+15 6.576508e+14 5.240581e+15 4.488028e+12 1.980350e+13 4.069341e+13
1.707400e+02 9.058535e+02 6.219686e-10 1.617276e-04 1.213060e-06 7.801709e+03 1.293132e+16 9.629071e+15 6.427568e+14 5.180373e+15 4.457442e+12 1.931341e+13 4.107878e+13
1.712000e+02 9.081276e+02 6.114417e-10 1.593894e-04 1.195522e-06 7.801435e+03 1.271245e+16 9.453631e+15 6.282764e+14 5.121147e+15 4.427349e+12 1.883737e+13 4.145687e+13
1.716600e+02 9.103740e+02 6.011437e-10 1.570926e-04 1.178294e-06 7.801162e+03 1.249835e+16 9.282083e+15 6.141939e+14 5.062900e+15 4.397747e+12 1.837466e+13 4.182721e+13
1.721200e+02 9.125927e+02 5.910732e-10 1.548374e-04 1.161379e-06 7.800888e+03 1.228897e+16 9.114430e+15 6.004994e+14 5.005594e+15 4.368617e+12 1.792505e+13 4.218967e+13
1.725800e+02 9.147843e+02 5.812153e-10 1.526206e-04 1.144752e-06 7.800614e+03 1.208402e+16 8.950397e+15 5.871737e+14 4.949188e+15 4.339952e+12 1.748794e+13 4.254429e+13
1.730400e+02 9.169490e+02 5.715720e-10 1.504436e-04 1.128423e-06 7.800340e+03 1.188352e+16 8.790026e+15 5.742097e+14 4.893701e+15 4.311749e+12 1.706306e+13 4.289063e+13
1.735000e+02 9.190873e+02 5.621344e-10 1.483045e-04 1.112379e-06 7.800066e+03 1.168731e+16 8.633155e+15 5.615941e+14 4.839112e+15 4.283982e+12 1.664990e+13 4.322890e+13
1.739600e+02 9.211995e+02 5.528962e-10 1.462025e-04 1.096612e-06 7.799792e+03 1.149523e+16 8.479694e+15 5.493141e+14 4.785367e+15 4.256644e+12 1.624819e+13 4.355886e+13
1.744200e+02 9.232858e+02 5.438530e-10 1.441369e-04 1.081119e-06 7.799518e+03 1.130722e+16 8.329555e+15 5.373615e+14 4.732467e+15 4.229750e+12 1.585746e+13 4.388040e+13
1.748800e+02 9.253464e+02 5.349998e-10 1.421070e-04 1.065893e-06 7.799245e+03 1.112315e+16 8.182655e+15 5.257262e+14 4.680394e+15 4.203267e+12 1.547745e+13 4.419346e+13
1.753400e+02 9.273820e+02 5.263307e-10 1.401119e-04 1.050928e-06 7.798971e+03 1.094291e+16 8.038880e+15 5.143968e+14 4.629150e+15 4.177189e+12 1.510779e+13 4.449795e+13
1.758000e+02 9.293926e+02 5.178394e-10 1.381503e-04 1.036216e-06 7.798697e+03 1.076637e+16 7.898151e+15 5.033599e+14 4.578663e+15 4.151506e+12 1.474810e+13 4.479382e+13
1.762600e+02 9.313787e+02 5.095248e-10 1.362226e-04 1.021756e-06 7.798423e+03 1.059350e+16 7.760423e+15 4.926128e+14 4.528971e+15 4.126227e+12 1.439816e+13 4.508086e+13
1.767200e+02 9.333403e+02 5.013793e-10 1.343272e-04 1.007540e-06 7.798150e+03 1.042415e+16 7.625593e+15 4.821431e+14 4.480007e+15 4.101322e+12 1.405757e+13 4.535917e+13
1.771800e+02 9.352781e+02 4.934008e-10 1.324641e-04 9.935649e-07 7.797876e+03 1.025827e+16 7.493587e+15 4.719424e+14 4.431823e+15 4.076798e+12 1.372610e+13 4.562874e+13
1.776400e+02 9.371922e+02 4.855830e-10 1.306320e-04 9.798235e-07 7.797603e+03 1.009573e+16 7.364337e+15 4.620011e+14 4.384337e+15 4.052649e+12 1.340344e+13 4.588937e+13
1.781000e+02 9.390828e+02 4.779233e-10 1.288308e-04 9.663130e-07 7.797329e+03 9.936478e+15 7.237775e+15 4.523135e+14 4.337570e+15 4.028853e+12 1.308936e+13 4.614103e+13
1.785600e+02 9.409504e+02 4.704160e-10 1.270593e-04 9.530254e-07 7.797056e+03 9.780393e+15 7.113809e+15 4.428721e+14 4.291489e+15 4.005402e+12 1.278355e+13 4.638390e+13
1.790200e+02 9.427951e+02 4.630590e-10 1.253173e-04 9.399599e-07 7.796782e+03 9.627433e+15 6.992403e+15 4.336648e+14 4.246099e+15 3.982307e+12 1.248578e+13 4.661762e+13
1.794800e+02 9.446173e+02 4.558471e-10 1.236040e-04 9.271088e-07 7.796509e+03 9.477491e+15 6.873469e+15 4.246914e+14 4.201369e+15 3.959552e+12 1.219581e+13 4.684255e+13
1.799400e+02 9.464172e+02 4.487767e-10 1.219188e-04 9.144683e-07 7.796235e+03 9.330492e+15 6.756948e+15 4.159372e+14 4.157287e+15 3.937132e+12 1.191341e+13 4.705854e+13
1.804000e+02 9.481951e+02 4.418463e-10 1.202615e-04 9.020376e-07 7.795962e+03 9.186402e+15 6.642809e+15 4.074025e+14 4.113856e+15 3.915034e+12 1.163835e+13 4.726562e+13
1.808600e+02 9.499514e+02 4.350493e-10 1.186308e-04 8.898064e-07 7.795688e+03 9.045085e+15 6.530944e+15 3.990777e+14 4.071033e+15 3.893251e+12 1.137039e+13 4.746363e+13
1.813200e+02 9.516862e+02 4.283846e-10 1.170267e-04 8.777751e-07 7.795415e+03 8.906519e+15 6.421326e+15 3.909570e+14 4.028837e+15 3.871787e+12 1.110933e+13 4.765280e+13
1.817800e+02 9.533998e+02 4.218489e-10 1.154488e-04 8.659397e-07 7.795142e+03 8.770637e+15 6.313901e+15 3.830333e+14 3.987256e+15 3.850626e+12 1.085498e+13 4.783299e+13
1.822400e+02 9.550924e+02 4.154382e-10 1.138962e-04 8.542943e-07 7.794868e+03 8.637353e+15 6.208620e+15 3.753011e+14 3.946234e+15 3.829767e+12 1.060715e+13 4.800464e+13
1.827000e+02 9.567644e+02 4.091486e-10 1.123682e-04 8.428334e-07 7.794595e+03 8.506585e+15 6.105385e+15 3.677564e+14 3.905805e+15 3.809208e+12 1.036562e+13 4.816725e+13
1.831600e+02 9.584160e+02 4.029797e-10 1.108651e-04 8.315587e-07 7.794322e+03 8.378329e+15 6.004218e+15 3.603929e+14 3.865928e+15 3.788931e+12 1.013021e+13 4.832108e+13
1.836200e+02 9.600475e+02 3.969267e-10 1.093857e-04 8.204625e-07 7.794049e+03 8.252481e+15 5.905004e+15 3.532042e+14 3.826638e+15 3.768939e+12 9.900765e+12 4.846639e+13
1.840800e+02 9.616590e+02 3.909877e-10 1.079299e-04 8.095428e-07 7.793775e+03 8.129003e+15 5.807744e+15 3.461867e+14 3.787865e+15 3.749226e+12 9.677109e+12 4.860291e+13
1.845400e+02 9.632508e+02 3.851597e-10 1.064971e-04 7.987961e-07 7.793502e+03 8.007834e+15 5.712372e+15 3.393348e+14 3.749630e+15 3.729790e+12 9.459069e+12 4.873072e+13
1.850000e+02 9.648233e+02 3.794402e-10 1.050869e-04 7.882189e-07 7.793229e+03 7.888920e+15 5.618843e+15 3.326438e+14 3.711922e+15 3.710616e+12 9.246469e+12 4.885028e+13
1.854600e+02 9.663766e+02 3.738259e-10 1.036987e-04 7.778065e-07 7.792956e+03 7.772195e+15 5.527097e+15 3.261107e+14 3.674732e+15 3.691701e+12 9.039179e+12 4.896134e+13
1.859200e+02 9.679109e+02 3.683160e-10 1.023325e-04 7.675588e-07 7.792683e+03 7.657638e+15 5.437137e+15 3.197277e+14 3.638037e+15 3.673048e+12 8.837036e+12 4.906401e+13
1.863800e+02 9.694265e+02 3.629065e-10 1.009874e-04 7.574699e-07 7.792410e+03 7.545170e+15 5.348878e+15 3.134932e+14 3.601842e+15 3.654646e+12 8.639898e+12 4.915840e+13
1.868400e+02 9.709236e+02 3.575963e-10 9.966339e-05 7.475389e-07 7.792137e+03 7.434766e+15 5.262306e+15 3.074033e+14 3.566138e+15 3.636490e+12 8.447613e+12 4.924464e+13
1.873000e+02 9.724026e+02 3.523817e-10 9.835965e-05 7.377601e-07 7.791864e+03 7.326349e+15 5.177363e+15 3.014529e+14 3.530889e+15 3.618584e+12 8.260066e+12 4.932285e+13
1.877600e+02 9.738633e+02 3.472621e-10 9.707623e-05 7.281336e-07 7.791591e+03 7.219907e+15 5.094034e+15 2.956398e+14 3.496115e+15 3.600910e+12 8.077129e+12 4.939318e+13
1.882200e+02 9.753065e+02 3.422334e-10 9.581225e-05 7.186529e-07 7.791318e+03 7.115356e+15 5.012243e+15 2.899568e+14 3.461807e+15 3.583470e+12 7.898645e+12 4.945536e+13
1.886800e+02 9.767319e+02 3.372958e-10 9.456793e-05 7.093197e-07 7.791045e+03 7.012699e+15 4.931998e+15 2.844029e+14 3.427958e+15 3.566262e+12 7.724512e+12 4.950994e+13
1.891400e+02 9.781401e+02 3.324456e-10 9.334245e-05 7.001278e-07 7.790772e+03 6.911858e+15 4.853244e+15 2.789737e+14 3.394532e+15 3.549275e+12 7.554599e+12 4.955667e+13
1.896000e+02 9.795310e+02 3.276826e-10 9.213594e-05 6.910782e-07 7.790499e+03 6.812831e+15 4.775970e+15 2.736671e+14 3.361550e+15 3.532506e+12 7.388808e+12 4.959591e+13
1.900600e+02 9.809050e+02 3.230028e-10 9.094750e-05 6.821642e-07 7.790227e+03 6.715533e+15 4.700106e+15 2.684789e+14 3.328990e+15 3.515957e+12 7.227001e+12 4.962762e+13
1.905200e+02 9.822623e+02 3.184053e-10 8.977704e-05 6.733850e-07 7.789954e+03 6.619946e+15 4.625641e+15 2.634051e+14 3.296847e+15 3.499619e+12 7.069087e+12 4.965196e+13
1.909800e+02 9.836030e+02 3.138884e-10 8.862427e-05 6.647385e-07 7.789681e+03 6.526037e+15 4.552545e+15 2.584449e+14 3.265113e+15 3.483495e+12 6.914965e+12 4.966909e+13
1.914400e+02 9.849275e+02 3.094499e-10 8.748872e-05 6.562211e-07 7.789408e+03 6.433755e+15 4.480772e+15 2.535914e+14 3.233791e+15 3.467569e+12 6.764521e+12 4.967918e+13
1.919000e+02 9.862357e+02 3.050888e-10 8.637032e-05 6.478324e-07 7.789136e+03 6.343084e+15 4.410312e+15 2.488469e+14 3.202867e+15 3.451851e+12 6.617685e+12 4.968222e+13
1.923600e+02 9.875281e+02 3.008033e-10 8.526868e-05 6.395694e-07 7.788863e+03 6.253983e+15 4.341136e+15 2.442049e+14 3.172330e+15 3.436324e+12 6.474325e+12 4.967837e+13
1.928200e+02 9.888048e+02 2.965908e-10 8.418327e-05 6.314282e-07 7.788590e+03 6.166403e+15 4.273203e+15 2.396637e+14 3.142164e+15 3.420993e+12 6.334351e+12 4.966782e+13
1.932800e+02 9.900659e+02 2.924505e-10 8.311397e-05 6.234077e-07 7.788318e+03 6.080322e+15 4.206485e+15 2.352209e+14 3.112387e+15 3.405854e+12 6.197676e+12 4.965056e+13
1.937400e+02 9.913117e+02 2.883811e-10 8.206059e-05 6.155067e-07 7.788045e+03 5.995716e+15 4.140975e+15 2.308741e+14 3.082968e+15 3.390898e+12 6.064239e+12 4.962696e+13
1.942000e+02 9.925423e+02 2.843817e-10 8.102298e-05 6.077240e-07 7.787773e+03 5.912564e+15 4.076648e+15 2.266201e+14 3.053925e+15 3.376136e+12 5.933923e+12 4.959683e+13
1.946600e+02 9.937579e+02 2.804488e-10 8.000033e-05 6.000535e-07 7.787500e+03 5.830797e+15 4.013447e+15 2.224575e+14 3.025229e+15 3.361546e+12 5.806668e+12 4.956035e+13
1.951200e+02 9.949588e+02 2.765824e-10 7.899274e-05 5.924959e-07 7.787228e+03 5.750410e+15 3.951366e+15 2.183824e+14 2.996897e+15 3.347124e+12 5.682367e+12 4.951810e+13
1.955800e+02 9.961451e+02 2.727813e-10 7.800003e-05 5.850499e-07 7.786955e+03 5.671381e+15 3.890397e+15 2.143945e+14 2.968901e+15 3.332888e+12 5.560985e+12 4.946950e+13
1.960400e+02 9.973169e+02 2.690428e-10 7.702153e-05 5.777106e-07 7.786683e+03 5.593655e+15 3.830489e+15 2.104899e+14 2.941236e+15 3.318815e+12 5.442407e+12 4.941534e+13
1.965000e+02 9.984745e+02 2.653670e-10 7.605740e-05 5.704790e-07 7.786410e+03 5.517232e+15 3.771633e+15 2.066676e+14 2.913918e+15 3.304910e+12 5.326583e+12 4.935522e+13
1.969600e+02 9.996180e+02 2.617524e-10 7.510733e-05 5.633528e-07 7.786138e+03 5.442080e+15 3.713825e+15 2.029262e+14 2.886910e+15 3.291171e+12 5.213424e+12 4.928955e+13
1.974200e+02 1.000748e+03 2.581977e-10 7.417105e-05 5.563302e-07 7.785866e+03 5.368174e+15 3.657013e+15 1.992618e+14 2.860251e+15 3.277602e+12 5.102883e+12 4.921832e+13
1.978800e+02 1.001864e+03 2.547004e-10 7.324800e-05 5.494067e-07 7.785593e+03 5.295462e+15 3.601179e+15 1.956739e+14 2.833890e+15 3.264180e+12 4.994874e+12 4.914194e+13
1.983400e+02 1.002966e+03 2.512615e-10 7.233852e-05 5.425850e-07 7.785321e+03 5.223963e+15 3.546332e+15 1.921601e+14 2.807846e+15 3.250918e+12 4.889345e+12 4.906023e+13
1.988000e+02 1.004055e+03 2.478784e-10 7.144199e-05 5.358605e-07 7.785049e+03 5.153626e+15 3.492424e+15 1.887186e+14 2.782114e+15 3.237806e+12 4.786234e+12 4.897338e+13
1.992600e+02 1.005131e+03 2.445495e-10 7.055808e-05 5.292305e-07 7.784776e+03 5.084415e+15 3.439438e+15 1.853477e+14 2.756668e+15 3.224854e+12 4.685463e+12 4.888161e+13
1.997200e+02 1.006193e+03 2.412753e-10 6.968700e-05 5.226969e-07 7.784504e+03 5.016341e+15 3.387367e+15 1.820459e+14 2.731535e+15 3.212036e+12 4.587000e+12 4.878511e+13
2.001800e+02 1.007243e+03 2.380544e-10 6.882843e-05 5.162571e-07 7.784232e+03 4.949375e+15 3.336196e+15 1.788108e+14 2.706699e+15 3.199376e+12 4.490756e+12 4.868373e+13
2.006400e+02 1.008280e+03 2.348846e-10 6.798188e-05 5.099075e-07 7.783960e+03 4.883472e+15 3.285892e+15 1.756417e+14 2.682136e+15 3.186844e+12 4.396692e+12 4.857785e+13
2.011000e+02 1.009304e+03 2.317653e-10 6.714724e-05 5.036471e-07 7.783688e+03 4.818619e+15 3.236439e+15 1.725369e+14 2.657853e+15 3.174460e+12 4.304754e+12 4.846749e+13
2.015600e+02 1.010316e+03 2.286961e-10 6.632446e-05 4.974757e-07 7.783416e+03 4.754808e+15 3.187823e+15 1.694939e+14 2.633865e+15 3.162214e+12 4.214900e+12 4.835286e+13
2.020200e+02 1.011316e+03 2.256758e-10 6.551328e-05 4.913913e-07 7.783144e+03 4.692013e+15 3.140038e+15 1.665118e+14 2.610137e+15 3.150099e+12 4.127055e+12 4.823381e+13
2.024800e+02 1.012304e+03 2.227034e-10 6.471354e-05 4.853928e-07 7.782872e+03 4.630214e+15 3.093056e+15 1.635899e+14 2.586687e+15 3.138119e+12 4.041185e+12 4.811090e+13
2.029400e+02 1.013279e+03 2.197781e-10 6.392504e-05 4.794786e-07 7.782599e+03 4.569394e+15 3.046863e+15 1.607262e+14 2.563509e+15 3.126272e+12 3.957228e+12 4.798396e+13
2.034000e+02 1.014243e+03 2.168984e-10 6.314746e-05 4.736462e-07 7.782328e+03 4.509523e+15 3.001443e+15 1.579195e+14 2.540580e+15 3.114556e+12 3.875145e+12 4.785304e+13
2.038600e+02 1.015195e+03 2.140640e-10 6.238076e-05 4.678954e-07 7.782056e+03 4.450592e+15 2.956782e+15 1.551678e+14 2.517917e+15 3.102959e+12 3.794905e+12 4.771852e+13
2.043200e+02 1.016136e+03 2.112734e-10 6.162459e-05 4.622237e-07 7.781784e+03 4.392573e+15 2.912855e+15 1.524707e+14 2.495505e+15 3.091489e+12 3.716430e+12 4.758042e+13
2.047800e+02 1.017065e+03 2.085270e-10 6.087913e-05 4.566323e-07 7.781512e+03 4.335474e+15 2.869670e+15 1.498262e+14 2.473351e+15 3.080141e+12 3.639705e+12 4.743859e+13
2.052400e+02 1.017983e+03 2.058224e-10 6.014376e-05 4.511166e-07 7.781240e+03 4.279243e+15 2.827191e+15 1.472332e+14 2.451432e+15 3.068917e+12 3.564674e+12 4.729360e+13
2.057000e+02 1.018889e+03 2.031603e-10 5.941873e-05 4.456783e-07 7.780968e+03 4.223895e+15 2.785426e+15 1.446913e+14 2.429755e+15 3.057805e+12 3.491304e+12 4.714511e+13
2.061600e+02 1.019785e+03 2.005390e-10 5.870363e-05 4.403147e-07 7.780696e+03 4.169395e+15 2.744342e+15 1.421986e+14 2.408325e+15 3.046804e+12 3.419542e+12 4.699367e+13
2.066200e+02 1.020670e+03 1.979581e-10 5.799841e-05 4.350250e-07 7.780424e+03 4.115736e+15 2.703936e+15 1.397543e+14 2.387129e+15 3.035929e+12 3.349371e+12 4.683916e+13
2.070800e+02 1.021544e+03 1.954165e-10 5.730281e-05 4.298076e-07 7.780153e+03 4.062894e+15 2.664195e+15 1.373567e+14 2.366155e+15 3.025161e+12 3.280726e+12 4.668140e+13
2.075400e+02 1.022408e+03 1.929137e-10 5.661672e-05 4.246615e-07 7.779881e+03 4.010859e+15 2.625098e+15 1.350058e+14 2.345419e+15 3.014499e+12 3.213591e+12 4.652096e+13
2.080000e+02 1.023261e+03 1.904492e-10 5.594005e-05 4.195861e-07 7.779609e+03 3.959618e+15 2.586642e+15 1.326996e+14 2.324907e+15 3.003942e+12 3.147918e+12 4.635787e+13
2.084600e+02 1.024103e+03 1.880217e-10 5.527253e-05 4.145792e-07 7.779338e+03 3.909149e+15 2.548806e+15 1.304382e+14 2.304617e+15 2.993495e+12 3.083680e+12 4.619197e+13
2.089200e+02 1.024936e+03 1.856312e-10 5.461415e-05 4.096409e-07 7.779066e+03 3.859448e+15 2.511588e+15 1.282192e+14 2.284547e+15 2.983155e+12 3.020837e+12 4.602364e+13
2.093800e+02 1.025758e+03 1.832762e-10 5.396456e-05 4.047686e-07 7.778794e+03 3.810485e+15 2.474969e+15 1.260421e+14 2.264683e+15 2.972917e+12 2.959361e+12 4.585273e+13
2.098400e+02 1.026571e+03 1.809567e-10 5.332380e-05 3.999625e-07 7.778523e+03 3.762260e+15 2.438936e+15 1.239070e+14 2.245040e+15 2.962777e+12 2.899217e+12 4.567962e+13
2.103000e+02 1.027374e+03 1.786723e-10 5.269183e-05 3.952223e-07 7.778251e+03 3.714766e+15 2.403498e+15 1.218121e+14 2.225599e+15 2.952737e+12 2.840377e+12 4.550416e+13
2.107600e+02 1.028167e+03 1.764217e-10 5.206827e-05 3.905452e-07 7.777980e+03 3.667975e+15 2.368617e+15 1.197562e+14 2.206374e+15 2.942799e+12 2.782809e+12 4.532636e+13
2.112200e+02 1.028950e+03 1.742048e-10 5.145313e-05 3.859313e-07 7.777708e+03 3.621882e+15 2.334301e+15 1.177392e+14 2.187346e+15 2.932952e+12 2.726480e+12 4.514678e+13
2.116800e+02 1.029724e+03 1.720204e-10 5.084616e-05 3.813786e-07 7.777437e+03 3.576466e+15 2.300523e+15 1.157596e+14 2.168527e+15 2.923199e+12 2.671353e+12 4.496509e+13
2.121400e+02 1.030488e+03 1.698682e-10 5.024731e-05 3.768868e-07 7.777165e+03 3.531721e+15 2.267289e+15 1.138178e+14 2.149891e+15 2.913547e+12 2.617417e+12 4.478150e+13
2.126000e+02 1.031244e+03 1.677486e-10 4.965667e-05 3.724567e-07 7.776894e+03 3.487651e+15 2.234591e+15 1.119110e+14 2.131468e+15 2.903976e+12 2.564632e+12 4.459601e+13
2.130600e+02 1.031990e+03 1.656592e-10 4.907367e-05 3.680838e-07 7.776622e+03 3.444212e+15 2.202403e+15 1.100400e+14 2.113223e+15 2.894502e+12 2.512984e+12 4.440883e+13
2.135200e+02 1.032727e+03 1.636009e-10 4.849855e-05 3.637700e-07 7.776351e+03 3.401417e+15 2.170730e+15 1.082038e+14 2.095169e+15 2.885114e+12 2.462437e+12 4.422014e+13
2.139800e+02 1.033455e+03 1.615725e-10 4.793102e-05 3.595132e-07 7.776080e+03 3.359246e+15 2.139550e+15 1.064017e+14 2.077313e+15 2.875815e+12 2.412960e+12 4.402981e+13
2.144400e+02 1.034174e+03 1.595736e-10 4.737100e-05 3.553126e-07 7.775808e+03 3.317687e+15 2.108868e+15 1.046317e+14 2.059627e+15 2.866593e+12 2.364544e+12 4.383785e+13
2.149000e+02 1.034885e+03 1.576039e-10 4.681841e-05 3.511679e-07 7.775537e+03 3.276734e+15 2.078669e+15 1.028953e+14 2.042125e+15 2.857465e+12 2.317160e+12 4.364461e+13
2.153600e+02 1.035587e+03 1.556624e-10 4.627302e-05 3.470772e-07 7.775266e+03 3.236368e+15 2.048936e+15 1.011900e+14 2.024805e+15 2.848413e+12 2.270766e+12 4.344995e+13
2.158200e+02 1.036281e+03 1.537490e-10 4.573486e-05 3.430406e-07 7.774995e+03 3.196587e+15 2.019668e+15 9.951617e+13 2.007665e+15 2.839446e+12 2.225368e+12 4.325406e+13
2.162800e+02 1.036966e+03 1.518636e-10 4.520389e-05 3.390580e-07 7.774724e+03 3.157388e+15 1.990866e+15 9.787272e+13 1.990702e+15 2.830559e+12 2.180925e+12 4.305712e+13
2.167400e+02 1.037643e+03 1.500047e-10 4.467971e-05 3.351263e-07 7.774452e+03 3.118739e+15 1.962507e+15 9.625871e+13 1.973899e+15 2.821750e+12 2.137416e+12 4.285898e+13
2.172000e+02 1.038312e+03 1.481732e-10 4.416264e-05 3.312479e-07 7.774181e+03 3.080661e+15 1.934596e+15 9.467424e+13 1.957284e+15 2.813019e+12 2.094824e+12 4.265968e+13
2.176600e+02 1.038973e+03 1.463670e-10 4.365207e-05 3.274183e-07 7.773910e+03 3.043109e+15 1.907106e+15 9.311841e+13 1.940825e+15 2.804364e+12 2.053126e+12 4.245938e+13
2.181200e+02 1.039625e+03 1.445868e-10 4.314824e-05 3.236393e-07 7.773639e+03 3.006097e+15 1.880050e+15 9.159062e+13 1.924527e+15 2.795791e+12 2.012304e+12 4.225826e+13
2.185800e+02 1.040270e+03 1.428317e-10 4.265092e-05 3.199090e-07 7.773368e+03 2.969607e+15 1.853407e+15 9.009000e+13 1.908395e+15 2.787282e+12 1.972344e+12 4.205635e+13
2.190400e+02 1.040907e+03 1.411022e-10 4.216027e-05 3.162289e-07 7.773097e+03 2.933648e+15 1.827183e+15 8.861635e+13 1.892436e+15 2.778847e+12 1.933218e+12 4.185349e+13
2.195000e+02 1.041537e+03 1.393963e-10 4.167574e-05 3.125946e-07 7.772826e+03 2.898181e+15 1.801352e+15 8.716914e+13 1.876624e+15 2.770486e+12 1.894904e+12 4.165003e+13
2.199600e+02 1.042158e+03 1.377149e-10 4.119763e-05 3.090085e-07 7.772555e+03 2.863224e+15 1.775926e+15 8.574755e+13 1.860973e+15 2.762197e+12 1.857390e+12 4.144566e+13
2.204200e+02 1.042773e+03 1.360569e-10 4.072562e-05 3.054681e-07 7.772284e+03 2.828752e+15 1.750887e+15 8.435168e+13 1.845474e+15 2.753981e+12 1.820662e+12 4.124088e+13
2.208800e+02 1.043380e+03 1.344220e-10 4.025968e-05 3.019732e-07 7.772013e+03 2.794761e+15 1.726225e+15 8.298012e+13 1.830131e+15 2.745824e+12 1.784695e+12 4.103554e+13
2.213400e+02 1.043979e+03 1.328101e-10 3.979974e-05 2.985234e-07 7.771742e+03 2.761247e+15 1.701944e+15 8.163271e+13 1.814936e+15 2.737739e+12 1.749474e+12 4.082965e+13
2.218000e+02 1.044571e+03 1.312210e-10 3.934584e-05 2.951189e-07 7.771472e+03 2.728208e+15 1.678035e+15 8.030960e+13 1.799901e+15 2.729717e+12 1.714984e+12 4.062322e+13
2.222600e+02 1.045156e+03 1.296539e-10 3.889775e-05 2.917579e-07 7.771201e+03 2.695628e+15 1.654493e+15 7.900970e+13 1.785003e+15 2.721765e+12 1.681215e+12 4.041644e+13
2.227200e+02 1.045734e+03 1.281080e-10 3.845521e-05 2.884386e-07 7.770930e+03 2.663486e+15 1.631299e+15 7.773197e+13 1.770248e+15 2.713876e+12 1.648135e+12 4.020931e+13
2.231800e+02 1.046306e+03 1.265838e-10 3.801843e-05 2.851625e-07 7.770659e+03 2.631797e+15 1.608460e+15 7.647749e+13 1.755640e+15 2.706049e+12 1.615738e+12 4.000198e+13
2.236400e+02 1.046870e+03 1.250807e-10 3.758726e-05 2.819284e-07 7.770388e+03 2.600547e+15 1.585969e+15 7.524463e+13 1.741171e+15 2.698283e+12 1.584014e+12 3.979418e+13
2.241000e+02 1.047427e+03 1.235983e-10 3.716156e-05 2.787354e-07 7.770118e+03 2.569726e+15 1.563816e+15 7.403329e+13 1.726847e+15 2.690585e+12 1.552943e+12 3.958637e+13
2.245600e+02 1.047978e+03 1.221361e-10 3.674124e-05 2.755827e-07 7.769847e+03 2.539325e+15 1.541994e+15 7.284303e+13 1.712658e+15 2.682941e+12 1.522507e+12 3.937825e+13
2.250200e+02 1.048522e+03 1.206942e-10 3.632634e-05 2.724707e-07 7.769576e+03 2.509347e+15 1.520504e+15 7.167349e+13 1.698610e+15 2.675357e+12 1.492692e+12 3.917000e+13
2.254800e+02 1.049060e+03 1.192717e-10 3.591660e-05 2.693974e-07 7.769306e+03 2.479772e+15 1.499335e+15 7.052425e+13 1.684689e+15 2.667832e+12 1.463497e+12 3.896175e+13
2.259400e+02 1.049591e+03 1.178688e-10 3.551210e-05 2.663634e-07 7.769035e+03 2.450604e+15 1.478481e+15 6.939495e+13 1.670911e+15 2.660366e+12 1.434894e+12 3.875339e+13
2.264000e+02 1.050115e+03 1.164850e-10 3.511272e-05 2.633678e-07 7.768765e+03 2.421833e+15 1.457943e+15 6.828496e+13 1.657257e+15 2.652957e+12 1.406880e+12 3.854507e+13
2.268600e+02 1.050634e+03 1.151198e-10 3.471833e-05 2.604096e-07 7.768494e+03 2.393449e+15 1.437711e+15 6.719416e+13 1.643730e+15 2.645601e+12 1.379435e+12 3.833693e+13
2.273200e+02 1.051146e+03 1.137731e-10 3.432892e-05 2.574888e-07 7.768224e+03 2.365451e+15 1.417778e+15 6.612220e+13 1.630337e+15 2.638302e+12 1.352550e+12 3.812870e+13
2.277800e+02 1.051652e+03 1.124446e-10 3.394438e-05 2.546045e-07 7.767953e+03 2.337829e+15 1.398142e+15 6.506873e+13 1.617069e+15 2.631060e+12 1.326211e+12 3.792053e+13
2.282400e+02 1.052151e+03 1.111338e-10 3.356464e-05 2.517562e-07 7.767683e+03 2.310577e+15 1.378796e+15 6.403341e+13 1.603924e+15 2.623867e+12 1.300411e+12 3.771258e+13
2.287000e+02 1.052645e+03 1.098410e-10 3.318975e-05 2.489443e-07 7.767412e+03 2.283698e+15 1.359742e+15 6.301517e+13 1.590908e+15 2.616726e+12 1.275134e+12 3.750484e+13
2.291600e+02 1.053133e+03 1.085655e-10 3.281954e-05 2.461674e-07 7.767142e+03 2.257179e+15 1.340969e+15 6.201492e+13 1.578014e+15 2.609644e+12 1.250367e+12 3.729719e+13
2.296200e+02 1.053615e+03 1.073068e-10 3.245390e-05 2.434249e-07 7.766871e+03 2.231011e+15 1.322467e+15 6.103159e+13 1.565244e+15 2.602605e+12 1.226103e+12 3.708990e+13
2.300800e+02 1.054091e+03 1.060650e-10 3.209283e-05 2.407167e-07 7.766601e+03 2.205192e+15 1.304244e+15 6.006465e+13 1.552586e+15 2.595621e+12 1.202333e+12 3.688286e+13
2.305400e+02 1.054562e+03 1.048397e-10 3.173624e-05 2.380420e-07 7.766331e+03 2.179717e+15 1.286288e+15 5.911450e+13 1.540046e+15 2.588684e+12 1.179042e+12 3.667605e+13
2.310000e+02 1.055026e+03 1.036311e-10 3.138419e-05 2.354014e-07 7.766061e+03 2.154588e+15 1.268602e+15 5.818037e+13 1.527627e+15 2.581801e+12 1.156217e+12 3.646964e+13
2.314600e+02 1.055486e+03 1.024378e-10 3.103631e-05 2.327921e-07 7.765790e+03 2.129778e+15 1.251165e+15 5.726174e+13 1.515316e+15 2.574959e+12 1.133858e+12 3.626362e+13
2.319200e+02 1.055939e+03 1.012608e-10 3.069291e-05 2.302164e-07 7.765520e+03 2.105309e+15 1.233994e+15 5.635879e+13 1.503125e+15 2.568169e+12 1.111946e+12 3.605786e+13
2.323800e+02 1.056388e+03 1.000992e-10 3.035369e-05 2.276720e-07 7.765250e+03 2.081157e+15 1.217070e+15 5.547100e+13 1.491045e+15 2.561421e+12 1.090475e+12 3.585264e+13
2.328400e+02 1.056830e+03 9.895287e-11 3.001865e-05 2.251590e-07 7.764980e+03 2.057324e+15 1.200393e+15 5.459833e+13 1.479075e+15 2.554728e+12 1.069435e+12 3.564782e+13
2.333000e+02 1.057268e+03 9.782157e-11 2.968775e-05 2.226770e-07 7.764710e+03 2.033803e+15 1.183959e+15 5.374027e+13 1.467215e+15 2.548075e+12 1.048820e+12 3.544341e+13
2.337600e+02 1.057700e+03 9.670528e-11 2.936096e-05 2.202259e-07 7.764439e+03 2.010594e+15 1.167766e+15 5.289658e+13 1.455469e+15 2.541468e+12 1.028616e+12 3.523954e+13
2.342200e+02 1.058127e+03 9.560324e-11 2.903809e-05 2.178042e-07 7.764169e+03 1.987682e+15 1.151805e+15 5.206680e+13 1.443824e+15 2.534905e+12 1.008818e+12 3.503610e+13
2.346800e+02 1.058549e+03 9.451578e-11 2.871924e-05 2.154126e-07 7.763899e+03 1.965072e+15 1.136080e+15 5.125088e+13 1.432284e+15 2.528386e+12 9.894148e+11 3.483333e+13
2.351400e+02 1.058966e+03 9.344268e-11 2.840435e-05 2.130507e-07 7.763629e+03 1.942762e+15 1.120584e+15 5.044876e+13 1.420855e+15 2.521911e+12 9.703992e+11 3.463099e+13
2.356000e+02 1.059378e+03 9.238334e-11 2.809326e-05 2.107173e-07 7.763359e+03 1.920737e+15 1.105309e+15 4.965982e+13 1.409529e+15 2.515474e+12 9.517627e+11 3.442920e+13
2.360600e+02 1.059785e+03 9.133783e-11 2.778600e-05 2.084127e-07 7.763089e+03 1.899000e+15 1.090260e+15 4.888419e+13 1.398301e+15 2.509080e+12 9.334992e+11 3.422810e+13
2.365200e+02 1.060187e+03 9.030583e-11 2.748247e-05 2.061360e-07 7.762819e+03 1.877544e+15 1.075425e+15 4.812128e+13 1.387179e+15 2.502729e+12 9.155960e+11 3.402749e+13
2.369800e+02 1.060584e+03 8.928706e-11 2.718261e-05 2.038869e-07 7.762549e+03 1.856362e+15 1.060805e+15 4.737104e+13 1.376152e+15 2.496420e+12 8.980505e+11 3.382757e+13
2.374400e+02 1.060976e+03 8.828142e-11 2.688640e-05 2.016651e-07 7.762280e+03 1.835454e+15 1.046393e+15 4.663324e+13 1.365229e+15 2.490153e+12 8.808555e+11 3.362828e+13
2.379000e+02 1.061364e+03 8.728895e-11 2.659385e-05 1.994708e-07 7.762010e+03 1.814820e+15 1.032193e+15 4.590732e+13 1.354405e+15 2.483917e+12 8.640002e+11 3.342961e+13
2.383600e+02 1.061747e+03 8.630909e-11 2.630481e-05 1.973029e-07 7.761740e+03 1.794448e+15 1.018194e+15 4.519377e+13 1.343677e+15 2.477726e+12 8.474793e+11 3.323163e+13
2.388200e+02 1.062126e+03 8.534196e-11 2.601933e-05 1.951615e-07 7.761470e+03 1.774340e+15 1.004397e+15 4.449168e+13 1.333050e+15 2.471572e+12 8.312860e+11 3.303428e+13
2.392800e+02 1.062500e+03 8.438700e-11 2.573723e-05 1.930456e-07 7.761200e+03 1.754485e+15 9.907988e+14 4.380134e+13 1.322508e+15 2.465454e+12 8.154135e+11 3.283775e+13
2.397400e+02 1.062869e+03 8.344443e-11 2.545861e-05 1.909558e-07 7.760931e+03 1.734889e+15 9.773966e+14 4.312225e+13 1.312066e+15 2.459375e+12 7.998536e+11 3.264190e+13
2.402000e+02 1.063234e+03 8.251374e-11 2.518330e-05 1.888908e-07 7.760661e+03 1.715539e+15 9.641836e+14 4.245435e+13 1.301716e+15 2.453335e+12 7.846015e+11 3.244674e+13
2.406600e+02 1.063595e+03 8.159482e-11 2.491129e-05 1.868506e-07 7.760391e+03 1.696433e+15 9.511604e+14 4.179729e+13 1.291454e+15 2.447326e+12 7.696523e+11 3.225239e+13
2.411200e+02 1.063951e+03 8.068760e-11 2.464256e-05 1.848349e-07 7.760121e+03 1.677571e+15 9.383206e+14 4.115104e+13 1.281287e+15 2.441360e+12 7.549967e+11 3.205867e+13
2.415800e+02 1.064303e+03 7.979179e-11 2.437704e-05 1.828434e-07 7.759852e+03 1.658947e+15 9.256650e+14 4.051526e+13 1.271206e+15 2.435424e+12 7.406276e+11 3.186576e+13
2.420400e+02 1.064651e+03 7.890751e-11 2.411477e-05 1.808761e-07 7.759582e+03 1.640562e+15 9.131908e+14 3.988992e+13 1.261219e+15 2.429526e+12 7.265432e+11 3.167365e+13
2.425000e+02 1.064994e+03 7.803418e-11 2.385556e-05 1.789319e-07 7.759313e+03 1.622404e+15 9.008919e+14 3.927454e+13 1.251315e+15 2.423661e+12 7.127350e+11 3.148229e+13
2.429600e+02 1.065334e+03 7.717193e-11 2.359949e-05 1.770112e-07 7.759043e+03 1.604477e+15 8.887687e+14 3.866940e+13 1.241499e+15 2.417833e+12 6.991960e+11 3.129179e+13
2.434200e+02 1.065669e+03 7.632044e-11 2.334645e-05 1.751133e-07 7.758774e+03 1.586774e+15 8.768156e+14 3.807387e+13 1.231769e+15 2.412039e+12 6.859261e+11 3.110203e+13
2.438800e+02 1.066001e+03 7.547970e-11 2.309645e-05 1.732381e-07 7.758504e+03 1.569294e+15 8.650331e+14 3.748810e+13 1.222125e+15 2.406272e+12 6.729143e+11 3.091313e+13
2.443400e+02 1.066328e+03 7.464959e-11 2.284945e-05 1.713855e-07 7.758235e+03 1.552035e+15 8.534189e+14 3.691175e+13 1.212566e+15 2.400546e+12 6.601583e+11 3.072503e+13
2.448000e+02 1.066652e+03 7.382978e-11 2.260537e-05 1.695547e-07 7.757965e+03 1.534991e+15 8.419667e+14 3.634482e+13 1.203090e+15 2.394843e+12 6.476502e+11 3.053771e+13
2.452600e+02 1.066971e+03 7.302029e-11 2.236423e-05 1.677459e-07 7.757696e+03 1.518161e+15 8.306779e+14 3.578701e+13 1.193698e+15 2.389172e+12 6.353888e+11 3.035125e+13
2.457200e+02 1.067287e+03 7.222072e-11 2.212588e-05 1.659582e-07 7.757426e+03 1.501537e+15 8.195465e+14 3.523829e+13 1.184384e+15 2.383540e+12 6.233654e+11 3.016564e+13
2.461800e+02 1.067599e+03 7.143127e-11 2.189042e-05 1.641921e-07 7.757157e+03 1.485124e+15 8.085734e+14 3.469811e+13 1.175155e+15 2.377936e+12 6.115775e+11 2.998092e+13
2.466400e+02 1.067907e+03 7.065146e-11 2.165770e-05 1.624466e-07 7.756888e+03 1.468911e+15 7.977530e+14 3.416685e+13 1.166002e+15 2.372362e+12 6.000192e+11 2.979699e+13
2.471000e+02 1.068212e+03 6.988125e-11 2.142771e-05 1.607215e-07 7.756618e+03 1.452897e+15 7.870832e+14 3.364397e+13 1.156929e+15 2.366814e+12 5.886860e+11 2.961401e+13
2.475600e+02 1.068513e+03 6.912068e-11 2.120047e-05 1.590170e-07 7.756349e+03 1.437084e+15 7.765648e+14 3.312959e+13 1.147935e+15 2.361301e+12 5.775722e+11 2.943181e+13
2.480200e+02 1.068810e+03 6.836958e-11 2.097593e-05 1.573328e-07 7.756080e+03 1.421468e+15 7.661955e+14 3.262331e+13 1.139020e+15 2.355817e+12 5.666755e+11 2.925055e+13
2.484800e+02 1.069104e+03 6.762760e-11 2.075399e-05 1.556681e-07 7.755811e+03 1.406042e+15 7.559701e+14 3.212537e+13 1.130177e+15 2.350359e+12 5.559905e+11 2.907006e+13
2.489400e+02 1.069395e+03 6.689480e-11 2.053468e-05 1.540232e-07 7.755542e+03 1.390806e+15 7.458865e+14 3.163514e+13 1.121415e+15 2.344935e+12 5.455130e+11 2.889056e+13
2.494000e+02 1.069681e+03 6.617114e-11 2.031798e-05 1.523978e-07 7.755272e+03 1.375761e+15 7.359484e+14 3.115297e+13 1.112726e+15 2.339536e+12 5.352400e+11 2.871194e+13
2.498600e+02 1.069965e+03 6.545604e-11 2.010373e-05 1.507908e-07 7.755003e+03 1.360893e+15 7.261421e+14 3.067836e+13 1.104111e+15 2.334165e+12 5.251640e+11 2.853413e+13
2.503200e+02 1.070245e+03 6.474993e-11 1.989206e-05 1.492032e-07 7.754734e+03 1.346212e+15 7.164771e+14 3.021119e+13 1.095570e+15 2.328824e+12 5.152843e+11 2.835725e+13
2.507800e+02 1.070521e+03 6.405231e-11 1.968284e-05 1.476338e-07 7.754465e+03 1.331708e+15 7.069457e+14 2.975169e+13 1.087099e+15 2.323506e+12 5.055959e+11 2.818123e+13
2.512400e+02 1.070795e+03 6.336329e-11 1.947607e-05 1.460830e-07 7.754196e+03 1.317383e+15 6.975460e+14 2.929927e+13 1.078706e+15 2.318221e+12 4.960941e+11 2.800618e+13
2.517000e+02 1.071065e+03 6.268264e-11 1.927172e-05 1.445502e-07 7.753927e+03 1.303231e+15 6.882786e+14 2.885415e+13 1.070380e+15 2.312956e+12 4.867761e+11 2.783198e+13
2.521600e+02 1.071332e+03 6.201025e-11 1.906975e-05 1.430353e-07 7.753658e+03 1.289252e+15 6.791390e+14 2.841599e+13 1.062126e+15 2.307727e+12 4.776373e+11 2.765874e+13
2.526200e+02 1.071595e+03 6.134603e-11 1.887012e-05 1.415379e-07 7.753389e+03 1.275442e+15 6.701278e+14 2.798499e+13 1.053939e+15 2.302513e+12 4.686769e+11 2.748635e+13
2.530800e+02 1.071856e+03 6.068981e-11 1.867281e-05 1.400580e-07 7.753120e+03 1.261799e+15 6.612384e+14 2.756051e+13 1.045826e+15 2.297330e+12 4.598877e+11 2.731486e+13
2.535400e+02 1.072113e+03 6.004154e-11 1.847779e-05 1.385952e-07 7.752851e+03 1.248320e+15 6.524737e+14 2.714296e+13 1.037779e+15 2.292175e+12 4.512681e+11 2.714431e+13
2.540000e+02 1.072367e+03 5.940107e-11 1.828502e-05 1.371493e-07 7.752582e+03 1.235004e+15 6.438295e+14 2.673181e+13 1.029800e+15 2.287037e+12 4.428147e+11 2.697469e+13
2.544600e+02 1.072619e+03 5.876835e-11 1.809449e-05 1.357202e-07 7.752314e+03 1.221850e+15 6.353066e+14 2.632738e+13 1.021886e+15 2.281927e+12 4.345235e+11 2.680591e+13
2.549200e+02 1.072867e+03 5.814333e-11 1.790619e-05 1.343079e-07 7.752045e+03 1.208855e+15 6.269005e+14 2.592913e+13 1.014043e+15 2.276848e+12 4.263920e+11 2.663810e+13
2.553800e+02 1.073112e+03 5.752572e-11 1.772004e-05 1.329116e-07 7.751776e+03 1.196014e+15 6.186100e+14 2.553727e+13 1.006263e+15 2.271790e+12 4.184162e+11 2.647122e+13
2.558400e+02 1.073355e+03 5.691561e-11 1.753607e-05 1.315317e-07 7.751507e+03 1.183329e+15 6.104354e+14 2.515150e+13 9.985498e+14 2.266750e+12 4.105946e+11 2.630516e+13
2.563000e+02 1.073594e+03 5.631260e-11 1.735415e-05 1.301672e-07 7.751238e+03 1.170792e+15 6.023704e+14 2.477182e+13 9.908982e+14 2.261736e+12 4.029211e+11 2.614011e+13
2.567600e+02 1.073831e+03 5.571702e-11 1.717439e-05 1.288188e-07 7.750970e+03 1.158410e+15 5.944181e+14 2.439812e+13 9.833154e+14 2.256748e+12 3.953967e+11 2.597592e+13
2.572200e+02 1.074064e+03 5.512845e-11 1.699666e-05 1.274858e-07 7.750701e+03 1.146173e+15 5.865747e+14 2.403021e+13 9.757933e+14 2.251786e+12 3.880153e+11 2.581268e+13
2.576800e+02 1.074296e+03 5.454679e-11 1.682095e-05 1.261678e-07 7.750432e+03 1.134079e+15 5.788384e+14 2.366809e+13 9.683310e+14 2.246840e+12 3.807763e+11 2.565029e+13
2.581400e+02 1.074524e+03 5.397228e-11 1.664732e-05 1.248655e-07 7.750164e+03 1.122135e+15 5.712101e+14 2.331158e+13 9.609360e+14 2.241920e+12 3.736747e+11 2.548885e+13
2.586000e+02 1.074749e+03 5.340449e-11 1.647565e-05 1.235778e-07 7.749895e+03 1.110330e+15 5.636859e+14 2.296067e+13 9.535996e+14 2.237025e+12 3.667087e+11 2.532833e+13
2.590600e+02 1.074972e+03 5.284335e-11 1.630591e-05 1.223047e-07 7.749627e+03 1.098663e+15 5.562643e+14 2.261537e+13 9.463218e+14 2.232146e+12 3.598761e+11 2.516871e+13
2.595200e+02 1.075192e+03 5.228897e-11 1.613815e-05 1.210464e-07 7.749358e+03 1.087137e+15 5.489439e+14 2.227531e+13 9.391091e+14 2.227292e+12 3.531739e+11 2.501001e+13
2.599800e+02 1.075410e+03 5.174097e-11 1.597225e-05 1.198020e-07 7.749090e+03 1.075744e+15 5.417233e+14 2.194067e+13 9.319501e+14 2.222463e+12 3.465992e+11 2.485218e+13
2.604400e+02 1.075625e+03 5.119963e-11 1.580830e-05 1.185723e-07 7.748821e+03 1.064489e+15 5.346030e+14 2.161111e+13 9.248550e+14 2.217649e+12 3.401510e+11 2.469531e+13
2.609000e+02 1.075837e+03 5.066459e-11 1.564619e-05 1.173564e-07 7.748553e+03 1.053365e+15 5.275776e+14 2.128672e+13 9.178195e+14 2.212859e+12 3.338249e+11 2.453931e+13
2.613600e+02 1.076047e+03 5.013578e-11 1.548590e-05 1.161541e-07 7.748284e+03 1.042370e+15 5.206498e+14 2.096740e+13 9.108364e+14 2.208090e+12 3.276191e+11 2.438421e+13
2.618200e+02 1.076254e+03 4.961330e-11 1.532747e-05 1.149658e-07 7.748016e+03 1.031507e+15 5.138160e+14 2.065301e+13 9.039153e+14 2.203340e+12 3.215312e+11 2.423005e+13
2.622800e+02 1.076459e+03 4.909687e-11 1.517081e-05 1.137908e-07 7.747747e+03 1.020770e+15 5.070732e+14 2.034345e+13 8.970525e+14 2.198610e+12 3.155597e+11 2.407679e+13
2.627400e+02 1.076662e+03 4.858651e-11 1.501594e-05 1.126291e-07 7.747479e+03 1.010160e+15 5.004257e+14 2.003888e+13 8.902403e+14 2.193907e+12 3.097021e+11 2.392437e+13
2.632000e+02 1.076862e+03 4.808214e-11 1.486282e-05 1.114806e-07 7.747211e+03 9.996732e+14 4.938665e+14 1.973884e+13 8.834887e+14 2.189215e+12 3.039545e+11 2.377288e+13
2.636600e+02 1.077059e+03 4.758369e-11 1.471145e-05 1.103452e-07 7.746942e+03 9.893099e+14 4.873981e+14 1.944356e+13 8.767902e+14 2.184547e+12 2.983171e+11 2.362231e+13
2.641200e+02 1.077255e+03 4.709098e-11 1.456175e-05 1.092224e-07 7.746674e+03 9.790660e+14 4.810155e+14 1.915274e+13 8.701477e+14 2.179897e+12 2.927854e+11 2.347261e+13
2.645800e+02 1.077448e+03 4.660403e-11 1.441376e-05 1.081124e-07 7.746406e+03 9.689419e+14 4.747193e+14 1.886646e+13 8.635608e+14 2.175271e+12 2.873597e+11 2.332378e+13
2.650400e+02 1.077638e+03 4.612270e-11 1.426741e-05 1.070147e-07 7.746138e+03 9.589346e+14 4.685102e+14 1.858471e+13 8.570224e+14 2.170655e+12 2.820362e+11 2.317585e+13
2.655000e+02 1.077827e+03 4.564704e-11 1.412275e-05 1.059296e-07 7.745870e+03 9.490452e+14 4.623849e+14 1.830713e+13 8.505416e+14 2.166070e+12 2.768135e+11 2.302878e+13
2.659600e+02 1.078013e+03 4.517677e-11 1.397966e-05 1.048564e-07 7.745601e+03 9.392677e+14 4.563407e+14 1.803395e+13 8.441117e+14 2.161499e+12 2.716902e+11 2.288265e+13
2.664200e+02 1.078197e+03 4.471204e-11 1.383822e-05 1.037954e-07 7.745333e+03 9.296056e+14 4.503799e+14 1.776488e+13 8.377354e+14 2.156942e+12 2.666633e+11 2.273736e+13
2.668800e+02 1.078379e+03 4.425272e-11 1.369837e-05 1.027465e-07 7.745065e+03 9.200560e+14 4.444996e+14 1.750006e+13 8.314121e+14 2.152407e+12 2.617314e+11 2.259291e+13
2.673400e+02 1.078558e+03 4.379865e-11 1.356007e-05 1.017091e-07 7.744797e+03 9.106153e+14 4.386987e+14 1.723922e+13 8.251382e+14 2.147887e+12 2.568928e+11 2.244939e+13
2.678000e+02 1.078736e+03 4.334984e-11 1.342332e-05 1.006835e-07 7.744529e+03 9.012841e+14 4.329759e+14 1.698250e+13 8.189165e+14 2.143388e+12 2.521460e+11 2.230673e+13
2.682600e+02 1.078911e+03 4.290614e-11 1.328809e-05 9.966914e-08 7.744261e+03 8.920591e+14 4.273303e+14 1.672963e+13 8.127432e+14 2.138907e+12 2.474883e+11 2.216494e+13
2.687200e+02 1.079084e+03 4.246757e-11 1.315438e-05 9.866621e-08 7.743993e+03 8.829409e+14 4.217607e+14 1.648069e+13 8.066213e+14 2.134444e+12 2.429181e+11 2.202401e+13
2.691800e+02 1.079255e+03 4.203390e-11 1.302212e-05 9.767416e-08 7.743725e+03 8.739246e+14 4.162645e+14 1.623549e+13 8.005467e+14 2.129994e+12 2.384351e+11 2.188394e+13
2.696400e+02 1.079425e+03 4.160540e-11 1.289138e-05 9.669358e-08 7.743457e+03 8.650155e+14 4.108455e+14 1.599408e+13 7.945228e+14 2.125566e+12 2.340356e+11 2.174471e+13
2.701000e+02 1.079592e+03 4.118175e-11 1.276209e-05 9.572383e-08 7.743189e+03 8.562074e+14 4.054977e+14 1.575648e+13 7.885484e+14 2.121154e+12 2.297191e+11 2.160637e+13
2.705600e+02 1.079757e+03 4.076290e-11 1.263422e-05 9.476473e-08 7.742921e+03 8.474991e+14 4.002218e+14 1.552243e+13 7.826206e+14 2.116756e+12 2.254843e+11 2.146883e+13
2.710200e+02 1.079920e+03 4.034871e-11 1.250774e-05 9.381601e-08 7.742654e+03 8.388877e+14 3.950154e+14 1.529195e+13 7.767388e+14 2.112375e+12 2.213285e+11 2.133216e+13
2.714800e+02 1.080081e+03 3.993941e-11 1.238271e-05 9.287822e-08 7.742386e+03 8.303782e+14 3.898802e+14 1.506497e+13 7.709082e+14 2.108015e+12 2.172512e+11 2.119636e+13
2.719400e+02 1.080241e+03 3.953481e-11 1.225908e-05 9.195089e-08 7.742118e+03 8.219661e+14 3.848155e+14 1.484156e+13 7.651230e+14 2.103668e+12 2.132508e+11 2.106138e+13
2.724000e+02 1.080398e+03 3.913462e-11 1.213675e-05 9.103336e-08 7.741850e+03 8.136457e+14 3.798158e+14 1.462143e+13 7.593824e+14 2.099337e+12 2.093255e+11 2.092722e+13
2.728600e+02 1.080554e+03 3.873914e-11 1.201583e-05 9.012641e-08 7.741582e+03 8.054234e+14 3.748861e+14 1.440470e+13 7.536892e+14 2.095023e+12 2.054732e+11 2.079391e+13
2.733200e+02 1.080708e+03 3.834797e-11 1.189620e-05 8.922906e-08 7.741315e+03 7.972907e+14 3.700195e+14 1.419129e+13 7.480400e+14 2.090726e+12 2.016933e+11 2.066141e+13
2.737800e+02 1.080859e+03 3.796134e-11 1.177791e-05 8.834183e-08 7.741047e+03 7.892521e+14 3.652195e+14 1.398115e+13 7.424372e+14 2.086444e+12 1.979848e+11 2.052978e+13
2.742400e+02 1.081009e+03 3.757911e-11 1.166094e-05 8.746446e-08 7.740779e+03 7.813052e+14 3.604838e+14 1.377417e+13 7.368805e+14 2.082180e+12 1.943456e+11 2.039891e+13
2.747000e+02 1.081158e+03 3.720108e-11 1.154522e-05 8.659650e-08 7.740512e+03 7.734456e+14 3.558101e+14 1.357035e+13 7.313665e+14 2.077927e+12 1.907743e+11 2.026891e+13
2.751600e+02 1.081304e+03 3.682735e-11 1.143078e-05 8.573815e-08 7.740244e+03 7.656755e+14 3.512002e+14 1.336967e+13 7.258950e+14 2.073690e+12 1.872700e+11 2.013966e+13
2.756200e+02 1.081449e+03 3.645793e-11 1.131763e-05 8.488946e-08 7.739977e+03 7.579948e+14 3.466519e+14 1.317201e+13 7.204710e+14 2.069473e+12 1.838322e+11 2.001130e+13
2.760800e+02 1.081592e+03 3.609249e-11 1.120567e-05 8.404970e-08 7.739709e+03 7.503971e+14 3.421631e+14 1.297733e+13 7.150861e+14 2.065268e+12 1.804577e+11 1.988367e+13
2.765400e+02 1.081734e+03 3.573127e-11 1.109497e-05 8.321938e-08 7.739442e+03 7.428869e+14 3.377343e+14 1.278563e+13 7.097479e+14 2.061075e+12 1.771465e+11 1.975690e+13
2.770000e+02 1.081873e+03 3.537399e-11 1.098545e-05 8.239791e-08 7.739174e+03 7.354587e+14 3.333645e+14 1.259683e+13 7.044480e+14 2.056898e+12 1.738973e+11 1.963092e+13
2.774600e+02 1.082011e+03 3.502082e-11 1.087716e-05 8.158566e-08 7.738907e+03 7.281159e+14 3.290530e+14 1.241091e+13 6.991941e+14 2.052736e+12 1.707083e+11 1.950571e+13
2.779200e+02 1.082148e+03 3.467149e-11 1.077002e-05 8.078203e-08 7.738639e+03 7.208530e+14 3.247991e+14 1.222775e+13 6.939778e+14 2.048593e+12 1.675793e+11 1.938132e+13
2.783800e+02 1.082283e+03 3.432610e-11 1.066406e-05 7.998727e-08 7.738372e+03 7.136720e+14 3.206019e+14 1.204742e+13 6.888040e+14 2.044459e+12 1.645085e+11 1.925768e+13
2.788400e+02 1.082416e+03 3.398460e-11 1.055927e-05 7.920125e-08 7.738104e+03 7.065720e+14 3.164605e+14 1.186978e+13 6.836725e+14 2.040343e+12 1.614952e+11 1.913486e+13
2.793000e+02 1.082547e+03 3.364688e-11 1.045561e-05 7.842371e-08 7.737837e+03 6.995504e+14 3.123744e+14 1.169486e+13 6.785802e+14 2.036239e+12 1.585382e+11 1.901274e+13
2.797600e+02 1.082678e+03 3.331289e-11 1.035307e-05 7.765459e-08 7.737570e+03 6.926064e+14 3.083414e+14 1.152255e+13 6.735293e+14 2.032145e+12 1.556358e+11 1.889150e+13
2.802200e+02 1.082806e+03 3.298271e-11 1.025167e-05 7.689403e-08 7.737303e+03 6.857417e+14 3.043633e+14 1.135287e+13 6.685197e+14 2.028071e+12 1.527883e+11 1.877095e+13
2.806800e+02 1.082933e+03 3.265603e-11 1.015132e-05 7.614138e-08 7.737035e+03 6.789497e+14 3.004369e+14 1.118572e+13 6.635456e+14 2.024011e+12 1.499931e+11 1.865123e+13
2.811400e+02 1.083059e+03 3.233302e-11 1.005208e-05 7.539697e-08 7.736768e+03 6.722341e+14 2.965627e+14 1.102109e+13 6.586120e+14 2.019963e+12 1.472498e+11 1.853223e+13
2.816000e+02 1.083183e+03 3.201367e-11 9.953930e-06 7.466082e-08 7.736501e+03 6.655943e+14 2.927411e+14 1.085898e+13 6.537185e+14 2.015929e+12 1.445582e+11 1.841399e+13
2.820600e+02 1.083305e+03 3.169784e-11 9.856845e-06 7.393262e-08 7.736234e+03 6.590280e+14 2.889692e+14 1.069933e+13 6.488646e+14 2.011906e+12 1.419164e+11 1.829652e+13
2.825200e+02 1.083426e+03 3.138534e-11 9.760764e-06 7.321194e-08 7.735966e+03 6.525310e+14 2.852462e+14 1.054202e+13 6.440453e+14 2.007897e+12 1.393237e+11 1.817979e+13
2.829800e+02 1.083546e+03 3.107638e-11 9.665745e-06 7.249925e-08 7.735699e+03 6.461074e+14 2.815738e+14 1.038710e+13 6.392651e+14 2.003904e+12 1.367792e+11 1.806379e+13
2.834400e+02 1.083664e+03 3.077087e-11 9.571763e-06 7.179433e-08 7.735432e+03 6.397554e+14 2.779500e+14 1.023451e+13 6.345236e+14 1.999920e+12 1.342816e+11 1.794856e+13
2.839000e+02 1.083781e+03 3.046859e-11 9.478757e-06 7.109671e-08 7.735165e+03 6.334707e+14 2.743721e+14 1.008425e+13 6.298180e+14 1.995951e+12 1.318307e+11 1.783405e+13
2.843600e+02 1.083896e+03 3.016976e-11 9.386789e-06 7.040690e-08 7.734898e+03 6.272577e+14 2.708439e+14 9.936209e+12 6.251506e+14 1.991997e+12 1.294255e+11 1.772027e+13
2.848200e+02 1.084010e+03 2.987409e-11 9.295777e-06 6.972425e-08 7.734631e+03 6.211106e+14 2.673602e+14 9.790409e+12 6.205186e+14 1.988052e+12 1.270640e+11 1.760723e+13
2.852800e+02 1.084123e+03 2.958174e-11 9.205764e-06 6.904910e-08 7.734364e+03 6.150323e+14 2.639238e+14 9.646780e+12 6.159240e+14 1.984118e+12 1.247471e+11 1.749494e+13
2.857400e+02 1.084235e+03 2.929251e-11 9.116693e-06 6.838101e-08 7.734097e+03 6.090189e+14 2.605328e+14 9.505323e+12 6.113618e+14 1.980198e+12 1.224730e+11 1.738331e+13
2.862000e+02 1.084345e+03 2.900648e-11 9.028590e-06 6.772018e-08 7.733830e+03 6.030722e+14 2.571857e+14 9.365988e+12 6.068387e+14 1.976296e+12 1.202409e+11 1.727242e+13
2.866600e+02 1.084453e+03 2.872356e-11 8.941425e-06 6.706639e-08 7.733563e+03 5.971900e+14 2.538829e+14 9.228741e+12 6.023500e+14 1.972400e+12 1.180503e+11 1.716226e+13
2.871200e+02 1.084561e+03 2.844370e-11 8.855185e-06 6.641953e-08 7.733296e+03 5.913714e+14 2.506237e+14 9.093552e+12 5.978951e+14 1.968521e+12 1.159003e+11 1.705278e+13
2.875800e+02 1.084667e+03 2.816692e-11 8.769877e-06 6.577967e-08 7.733030e+03 5.856170e+14 2.474076e+14 8.960354e+12 5.934761e+14 1.964649e+12 1.137897e+11 1.694403e+13
2.880400e+02 1.084772e+03 2.789309e-11 8.685460e-06 6.514648e-08 7.732763e+03 5.799239e+14 2.442331e+14 8.829200e+12 5.890905e+14 1.960794e+12 1.117186e+11 1.683599e+13
2.885000e+02 1.084876e+03 2.762232e-11 8.601965e-06 6.452022e-08 7.732496e+03 5.742941e+14 2.411015e+14 8.699994e+12 5.847402e+14 1.956949e+12 1.096855e+11 1.672863e+13
2.889600e+02 1.084978e+03 2.735441e-11 8.519341e-06 6.390048e-08 7.732229e+03 5.687241e+14 2.380102e+14 8.572705e+12 5.804227e+14 1.953114e+12 1.076901e+11 1.662193e+13
2.894200e+02 1.085080e+03 2.708945e-11 8.437607e-06 6.328743e-08 7.731963e+03 5.632152e+14 2.349598e+14 8.447319e+12 5.761398e+14 1.949292e+12 1.057315e+11 1.651597e+13
2.898800e+02 1.085180e+03 2.682728e-11 8.356722e-06 6.268074e-08 7.731696e+03 5.577646e+14 2.319487e+14 8.323807e+12 5.718893e+14 1.945483e+12 1.038089e+11 1.641070e+13
2.903400e+02 1.085279e+03 2.656804e-11 8.276720e-06 6.208067e-08 7.731429e+03 5.523746e+14 2.289782e+14 8.202174e+12 5.676728e+14 1.941681e+12 1.019222e+11 1.630609e+13
2.908000e+02 1.085376e+03 2.631152e-11 8.197548e-06 6.148683e-08 7.731162e+03 5.470415e+14 2.260460e+14 8.082296e+12 5.634881e+14 1.937898e+12 1.000700e+11 1.620210e+13
2.912600e+02 1.085473e+03 2.605776e-11 8.119207e-06 6.089923e-08 7.730896e+03 5.417655e+14 2.231524e+14 7.964255e+12 5.593349e+14 1.934118e+12 9.825214e+10 1.609883e+13
2.917200e+02 1.085568e+03 2.580676e-11 8.041708e-06 6.031793e-08 7.730629e+03 5.365470e+14 2.202969e+14 7.847961e+12 5.552149e+14 1.930355e+12 9.646778e+10 1.599623e+13
2.921800e+02 1.085663e+03 2.555842e-11 7.965011e-06 5.974265e-08 7.730363e+03 5.313836e+14 2.174783e+14 7.733389e+12 5.511259e+14 1.926605e+12 9.471631e+10 1.589433e+13
2.926400e+02 1.085756e+03 2.531276e-11 7.889133e-06 5.917353e-08 7.730096e+03 5.262763e+14 2.146966e+14 7.620539e+12 5.470696e+14 1.922860e+12 9.299689e+10 1.579300e+13
2.931000e+02 1.085848e+03 2.506973e-11 7.814052e-06 5.861037e-08 7.729830e+03 5.212235e+14 2.119517e+14 7.509360e+12 5.430438e+14 1.919129e+12 9.130948e+10 1.569240e+13
2.935600e+02 1.085939e+03 2.482929e-11 7.739755e-06 5.805310e-08 7.729563e+03 5.162243e+14 2.092428e+14 7.399837e+12 5.390480e+14 1.915410e+12 8.965294e+10 1.559245e+13
2.940200e+02 1.086029e+03 2.459145e-11 7.666253e-06 5.750178e-08 7.729297e+03 5.112795e+14 2.065695e+14 7.291946e+12 5.350844e+14 1.911700e+12 8.802689e+10 1.549310e+13
2.944800e+02 1.086118e+03 2.435616e-11 7.593523e-06 5.695626e-08 7.729030e+03 5.063875e+14 2.039306e+14 7.185664e+12 5.311523e+14 1.908000e+12 8.643090e+10 1.539442e+13
2.949400e+02 1.086206e+03 2.412336e-11 7.521552e-06 5.641643e-08 7.728764e+03 5.015475e+14 2.013263e+14 7.080965e+12 5.272497e+14 1.904315e+12 8.486427e+10 1.529636e+13
2.954000e+02 1.086292e+03 2.389303e-11 7.450330e-06 5.588222e-08 7.728497e+03 4.967587e+14 1.987563e+14 6.977811e+12 5.233763e+14 1.900640e+12 8.332642e+10 1.519896e+13
2.958600e+02 1.086378e+03 2.366515e-11 7.379856e-06 5.535363e-08 7.728231e+03 4.920209e+14 1.962193e+14 6.876205e+12 5.195338e+14 1.896973e+12 8.181683e+10 1.510220e+13
2.963200e+02 1.086463e+03 2.343963e-11 7.310098e-06 5.483039e-08 7.727965e+03 4.873320e+14 1.937155e+14 6.776099e+12 5.157180e+14 1.893319e+12 8.033482e+10 1.500607e+13
2.967800e+02 1.086547e+03 2.321660e-11 7.241099e-06 5.431286e-08 7.727698e+03 4.826950e+14 1.912447e+14 6.677469e+12 5.119347e+14 1.889670e+12 7.888018e+10 1.491051e+13
2.972400e+02 1.086630e+03 2.299591e-11 7.172815e-06 5.380068e-08 7.727432e+03 4.781067e+14 1.888062e+14 6.580294e+12 5.081795e+14 1.886034e+12 7.745225e+10 1.481560e+13
2.977000e+02 1.086711e+03 2.277751e-11 7.105228e-06 5.329374e-08 7.727166e+03 4.735660e+14 1.863990e+14 6.484586e+12 5.044524e+14 1.882409e+12 7.605051e+10 1.472131e+13
2.981600e+02 1.086792e+03 2.256147e-11 7.038358e-06 5.279217e-08 7.726900e+03 4.690742e+14 1.840233e+14 6.390277e+12 5.007549e+14 1.878797e+12 7.467450e+10 1.462766e+13
2.986200e+02 1.086872e+03 2.234769e-11 6.972180e-06 5.229579e-08 7.726634e+03 4.646296e+14 1.816788e+14 6.297394e+12 4.970850e+14 1.875190e+12 7.332373e+10 1.453459e+13
2.990800e+02 1.086951e+03 2.213621e-11 6.906702e-06 5.180467e-08 7.726367e+03 4.602327e+14 1.793650e+14 6.205865e+12 4.934443e+14 1.871599e+12 7.199774e+10 1.444215e+13
2.995400e+02 1.087029e+03 2.192688e-11 6.841880e-06 5.131846e-08 7.726101e+03 4.558805e+14 1.770801e+14 6.115684e+12 4.898307e+14 1.868016e+12 7.069606e+10 1.435028e+13
3.000000e+02 1.087106e+03 2.171977e-11 6.777737e-06 5.083735e-08 7.725835e+03 4.515746e+14 1.748258e+14 6.026842e+12 4.862439e+14 1.864442e+12 6.941809e+10 1.425901e+13
