timestep,total_drag,ram_drag,skin_friction
0.000000000000000000e+00,0.000000000000000000e+00,0.000000000000000000e+00,0.000000000000000000e+00
1.000000000000000000e+02,7.233460000000000036e+03,6.949399999999999636e+03,2.840620000000000118e+02
2.000000000000000000e+02,6.733899999999999636e+03,6.412270000000000437e+03,3.216329999999999814e+02
3.000000000000000000e+02,6.569060000000000400e+03,6.227819999999999709e+03,3.412370000000000232e+02
4.000000000000000000e+02,6.469869999999999891e+03,6.112029999999999745e+03,3.578380000000000223e+02
5.000000000000000000e+02,6.407289999999999964e+03,6.035189999999999600e+03,3.721009999999999991e+02
6.000000000000000000e+02,6.335880000000000109e+03,5.955199999999999818e+03,3.806829999999999927e+02
7.000000000000000000e+02,6.232609999999999673e+03,5.867050000000000182e+03,3.655640000000000214e+02
8.000000000000000000e+02,6.210560000000000400e+03,5.858550000000000182e+03,3.520020000000000095e+02
9.000000000000000000e+02,6.174149999999999636e+03,5.837590000000000146e+03,3.365629999999999882e+02
1.000000000000000000e+03,6.142800000000000182e+03,5.813689999999999600e+03,3.291100000000000136e+02
1.100000000000000000e+03,6.129409999999999854e+03,5.812539999999999964e+03,3.168690000000000282e+02
1.200000000000000000e+03,6.109989999999999782e+03,5.799850000000000364e+03,3.101429999999999723e+02
1.300000000000000000e+03,6.069420000000000073e+03,5.766409999999999854e+03,3.030059999999999718e+02
1.400000000000000000e+03,6.045100000000000364e+03,5.747930000000000291e+03,2.971709999999999923e+02
1.500000000000000000e+03,6.040699999999999818e+03,5.749029999999999745e+03,2.916619999999999777e+02
1.600000000000000000e+03,6.010689999999999600e+03,5.720449999999999818e+03,2.902389999999999759e+02
1.700000000000000000e+03,5.995960000000000036e+03,5.708029999999999745e+03,2.879300000000000068e+02
1.800000000000000000e+03,5.981020000000000437e+03,5.696479999999999563e+03,2.845439999999999827e+02
1.900000000000000000e+03,5.970789999999999964e+03,5.688489999999999782e+03,2.822959999999999923e+02
2.000000000000000000e+03,5.942909999999999854e+03,5.661189999999999600e+03,2.817130000000000223e+02
2.100000000000000000e+03,5.927359999999999673e+03,5.646109999999999673e+03,2.812459999999999809e+02
2.200000000000000000e+03,5.907239999999999782e+03,5.626770000000000437e+03,2.804719999999999800e+02
2.300000000000000000e+03,5.893239999999999782e+03,5.613949999999999818e+03,2.792850000000000250e+02
2.400000000000000000e+03,5.878479999999999563e+03,5.599340000000000146e+03,2.791329999999999814e+02
2.500000000000000000e+03,5.860699999999999818e+03,5.581310000000000400e+03,2.793910000000000196e+02
2.600000000000000000e+03,5.848090000000000146e+03,5.569329999999999927e+03,2.787599999999999909e+02
2.700000000000000000e+03,5.828689999999999600e+03,5.550180000000000291e+03,2.785040000000000191e+02
2.800000000000000000e+03,5.813340000000000146e+03,5.534550000000000182e+03,2.787880000000000109e+02
2.900000000000000000e+03,5.799680000000000291e+03,5.521920000000000073e+03,2.777599999999999909e+02
3.000000000000000000e+03,5.784289999999999964e+03,5.507380000000000109e+03,2.769069999999999823e+02
3.100000000000000000e+03,5.773770000000000437e+03,5.496680000000000291e+03,2.770939999999999941e+02
3.200000000000000000e+03,5.754619999999999891e+03,5.476670000000000073e+03,2.779490000000000123e+02
3.300000000000000000e+03,5.741909999999999854e+03,5.462779999999999745e+03,2.791270000000000095e+02
3.400000000000000000e+03,5.732170000000000073e+03,5.451520000000000437e+03,2.806539999999999964e+02
3.500000000000000000e+03,5.721949999999999818e+03,5.440819999999999709e+03,2.811309999999999718e+02
3.600000000000000000e+03,5.708520000000000437e+03,5.427409999999999854e+03,2.811129999999999995e+02
3.700000000000000000e+03,5.701250000000000000e+03,5.418779999999999745e+03,2.824700000000000273e+02
3.800000000000000000e+03,5.687520000000000437e+03,5.405630000000000109e+03,2.818879999999999768e+02
3.900000000000000000e+03,5.679560000000000400e+03,5.398000000000000000e+03,2.815629999999999882e+02
4.000000000000000000e+03,5.666880000000000109e+03,5.384079999999999927e+03,2.828009999999999877e+02
4.100000000000000000e+03,5.653029999999999745e+03,5.369060000000000400e+03,2.839680000000000177e+02
4.200000000000000000e+03,5.637630000000000109e+03,5.353729999999999563e+03,2.839010000000000105e+02
4.300000000000000000e+03,5.624640000000000327e+03,5.339640000000000327e+03,2.850009999999999764e+02
4.400000000000000000e+03,5.617869999999999891e+03,5.333159999999999854e+03,2.847060000000000173e+02
4.500000000000000000e+03,5.609579999999999927e+03,5.323329999999999927e+03,2.862440000000000282e+02
4.600000000000000000e+03,5.602760000000000218e+03,5.315119999999999891e+03,2.876379999999999768e+02
4.700000000000000000e+03,5.590800000000000182e+03,5.302340000000000146e+03,2.884590000000000032e+02
4.800000000000000000e+03,5.579779999999999745e+03,5.290600000000000364e+03,2.891770000000000209e+02
4.900000000000000000e+03,5.570229999999999563e+03,5.280300000000000182e+03,2.899289999999999736e+02
5.000000000000000000e+03,5.563479999999999563e+03,5.273079999999999927e+03,2.903990000000000009e+02
5.100000000000000000e+03,5.560710000000000036e+03,5.269319999999999709e+03,2.913870000000000005e+02
5.200000000000000000e+03,5.552680000000000291e+03,5.261210000000000036e+03,2.914750000000000227e+02
5.300000000000000000e+03,5.547479999999999563e+03,5.255739999999999782e+03,2.917429999999999950e+02
5.400000000000000000e+03,5.544970000000000255e+03,5.252930000000000291e+03,2.920409999999999968e+02
5.500000000000000000e+03,5.538489999999999782e+03,5.246229999999999563e+03,2.922620000000000005e+02
5.600000000000000000e+03,5.531319999999999709e+03,5.239140000000000327e+03,2.921789999999999736e+02
5.700000000000000000e+03,5.525010000000000218e+03,5.232579999999999927e+03,2.924329999999999927e+02
5.800000000000000000e+03,5.518350000000000364e+03,5.224520000000000437e+03,2.938360000000000127e+02
5.900000000000000000e+03,5.509489999999999782e+03,5.215000000000000000e+03,2.944850000000000136e+02
6.000000000000000000e+03,5.502060000000000400e+03,5.207020000000000437e+03,2.950400000000000205e+02
6.100000000000000000e+03,5.495859999999999673e+03,5.200560000000000400e+03,2.953050000000000068e+02
6.200000000000000000e+03,5.489600000000000364e+03,5.194239999999999782e+03,2.953600000000000136e+02
6.300000000000000000e+03,5.486189999999999600e+03,5.190260000000000218e+03,2.959370000000000118e+02
6.400000000000000000e+03,5.480430000000000291e+03,5.183960000000000036e+03,2.964710000000000036e+02
6.500000000000000000e+03,5.473409999999999854e+03,5.175439999999999600e+03,2.979769999999999754e+02
6.600000000000000000e+03,5.466130000000000109e+03,5.168409999999999854e+03,2.977189999999999941e+02
6.700000000000000000e+03,5.460109999999999673e+03,5.161579999999999927e+03,2.985369999999999777e+02
6.800000000000000000e+03,5.454859999999999673e+03,5.155850000000000364e+03,2.990169999999999959e+02
6.900000000000000000e+03,5.448369999999999891e+03,5.148920000000000073e+03,2.994479999999999791e+02
7.000000000000000000e+03,5.439579999999999927e+03,5.139840000000000146e+03,2.997429999999999950e+02
7.100000000000000000e+03,5.435649999999999636e+03,5.135310000000000400e+03,3.003380000000000223e+02
7.200000000000000000e+03,5.426479999999999563e+03,5.125600000000000364e+03,3.008770000000000095e+02
7.300000000000000000e+03,5.420930000000000291e+03,5.119949999999999818e+03,3.009820000000000277e+02
7.400000000000000000e+03,5.413500000000000000e+03,5.111729999999999563e+03,3.017760000000000105e+02
7.500000000000000000e+03,5.407390000000000327e+03,5.105279999999999745e+03,3.021080000000000041e+02
7.600000000000000000e+03,5.400390000000000327e+03,5.098329999999999927e+03,3.020529999999999973e+02
7.700000000000000000e+03,5.395869999999999891e+03,5.093260000000000218e+03,3.026170000000000186e+02
7.800000000000000000e+03,5.388800000000000182e+03,5.086130000000000109e+03,3.026700000000000159e+02
7.900000000000000000e+03,5.383380000000000109e+03,5.080039999999999964e+03,3.033410000000000082e+02
8.000000000000000000e+03,5.379899999999999636e+03,5.075979999999999563e+03,3.039230000000000018e+02
